file_explorer/tests/test_data/local/cnv/SBE09_1387_20220823_1041_77SE_14_0600.cnv
* Sea-Bird SBE 9 Data File:
* FileName = L:\nytt_ctd_format\2022\SBE09_1387_20220823_1040_77SE_14_0600.hex
* Software Version Seasave V 7.26.7.121
* Temperature SN = 5351
* Conductivity SN = 3941
* Number of Bytes Per Scan = 41
* Number of Voltage Words = 4
* Number of Scans Averaged by the Deck Unit = 1
* NMEA Latitude = 58 38.47 N
* NMEA Longitude = 010 51.70 E
* NMEA UTC (Time) = Aug 23 2022  10:41:43
* NMEA baud rate = 4800
** Station: 2 SSE Persgrund
** Operator: MHan
** Ship: 77SE Svea
** Average sound velocity: 1505.00 m/s
** True-depth calculation Tue, 20 Sep 2022 06:58:51 +0000
** Cruise: 77SE-2022-14
** Latitud [GG MM.mm N]:
** Longitude [GG MM.mm E]:
** Pumps: PrimaryPump: 6060 # SecondaryPump: 6061
** EventIDs: EventID:  # ParentEventID:
** Additional Sampling:
** Metadata admin: MPROG: NATL # PROJ: IBT # ORDERER: SLU, HAV, SMHI # SLABO: SMHI # ALABO: SMHI # REFSK: HC-B-B8, HC-C-C2, OM7
** Metadata conditions: WADEP: 77 # WINDIR: 07 # WINSP: 3 # AIRTEMP: 19.0 # AIRPRES: 1024 # WEATH: 1 # CLOUD: 3 # WAVES: 2 # ICEOB: 0 # COMNT_VISIT:
** LIMS Job: 20227710-0600
# nquan = 32
# nvalues = 157
# units = specified
# name 0 = scan: Scan Count
# name 1 = prDM: Pressure, Digiquartz [db]
# name 2 = t090C: Temperature [ITS-90, deg C]
# name 3 = t190C: Temperature, 2 [ITS-90, deg C]
# name 4 = c0S/m: Conductivity [S/m]
# name 5 = c1S/m: Conductivity, 2 [S/m]
# name 6 = pumps: Pump Status
# name 7 = sbeox0V: Oxygen raw, SBE 43 [V]
# name 8 = sbeox1V: Oxygen raw, SBE 43, 2 [V]
# name 9 = altM: Altimeter [m]
# name 10 = dz/dtM: Descent Rate [m/s]
# name 11 = flECO-AFL: Chl-a Fluorescence, WET Labs ECO-AFL/FL [mg/m^3]
# name 12 = flECO-AFL1: Phycocyanin Fluorescence, WET Labs ECO-AFL/FL, 2 [mg/m^3]
# name 13 = par: PAR/Irradiance, Biospherical/Licor [µE/(cm^2*s)]
# name 14 = turbWETntu0: Turbidity, WET Labs ECO [NTU]
# name 15 = sal00: Salinity, Practical [PSU]
# name 16 = sal11: Salinity, Practical, 2 [PSU]
# name 17 = secS-priS: Salinity, Practical, Difference, 2 - 1 [PSU]
# name 18 = T2-T190C: Temperature Difference, 2 - 1 [ITS-90, deg C]
# name 19 = density00: Density [density, kg/m^3]
# name 20 = density11: Density, 2 [density, kg/m^3]
# name 21 = sigma-t00: Density [sigma-t, kg/m^3 ]
# name 22 = sigma-t11: Density, 2 [sigma-t, kg/m^3 ]
# name 23 = depSM: Depth [salt water, m], lat = 58.6412
# name 24 = depFM: Depth [true depth, m], lat = 58.6412
# name 25 = svCM: Sound Velocity [Chen-Millero, m/s]
# name 26 = svCM1: Sound Velocity, 2 [Chen-Millero, m/s]
# name 27 = sbeox0ML/L: Oxygen, SBE 43 [ml/l], WS = 2
# name 28 = sbeox1ML/L: Oxygen, SBE 43, 2 [ml/l], WS = 2
# name 29 = sbeox0PS: Oxygen, SBE 43 [% saturation], WS = 2
# name 30 = sbeox1PS: Oxygen, SBE 43, 2 [% saturation], WS = 2
# name 31 = flag: flag
# span 0 =       5247,      10765
# span 1 =      0.500,     78.500
# span 2 =    11.2407,    18.7522
# span 3 =    11.2437,    18.7546
# span 4 =   3.555722,   4.276668
# span 5 =   3.556325,   4.277543
# span 6 =          1,          1
# span 7 =     2.8600,     3.4433
# span 8 =     2.2022,     2.6693
# span 9 =       1.07,      78.93
# span 10 =     -0.260,      0.492
# span 11 =     0.1307,     1.6128
# span 12 =    -0.2327,     0.9480
# span 13 = 2.2359e-04, 3.2195e+03
# span 14 =     0.0722,     1.8526
# span 15 =    25.8696,    34.8219
# span 16 =    25.8737,    34.8264
# span 17 =    -0.2070,     0.0225
# span 18 =    -0.0212,     0.0476
# span 19 =  1018.1255,  1026.8659
# span 20 =  1018.1280,  1026.8688
# span 21 =    18.1189,    26.5126
# span 22 =    18.1214,    26.5155
# span 23 =      0.495,     77.754
# span 24 =      0.500,     78.055
# span 25 =    1495.17,    1513.07
# span 26 =    1495.18,    1513.09
# span 27 =     4.9733,     5.6794
# span 28 =     4.9571,     5.6654
# span 29 =     80.735,    101.055
# span 30 =     80.501,    100.683
# span 31 = 0.0000e+00, 0.0000e+00
# interval = decibars: 0.5
# start_time = Aug 23 2022 10:41:43 [NMEA time, first data scan]
# bad_flag = -9.990e-29
*END*
[from data line 91]
       8278     46.000    14.0318    14.0382    4.12156    4.12262          1     3.0851     2.3755      33.48      0.438     0.8373     0.3568  2.318e+00  0.1080000    34.2801    34.2843     0.0042     0.0064  1025.8291  1025.8309    25.6241    25.6260     45.566     45.795    1503.49    1503.52     5.1594     5.1251    88.4980    87.9240  0.000e+00
       8307     46.500    13.9820    13.9874    4.11726    4.11827          1     3.0858     2.3753      32.99      0.418     0.8624     0.3787  2.213e+00  0.1059000    34.2844    34.2889     0.0045     0.0054  1025.8451  1025.8474    25.6378    25.6402     46.061     46.291    1503.35    1503.37     5.1664     5.1304    88.5320    87.9270  0.000e+00
       8332     47.000    13.9246    13.9308    4.11214    4.11321          1     3.0939     2.3851      32.53      0.444     0.8668     0.2359  2.108e+00  0.1016000    34.2877    34.2921     0.0044     0.0062  1025.8618  1025.8640    25.6523    25.6545     46.557     46.788    1503.17    1503.20     5.1907     5.1640    88.8460    88.4030  0.000e+00
       8357     47.500    13.8882    13.8923    4.11091    4.11168          1     3.1014     2.3937      31.99      0.483     0.8704     0.2474  2.015e+00  0.1142000    34.3086    34.3121     0.0035     0.0041  1025.8878  1025.8897    25.6761    25.6779     47.052     47.284    1503.09    1503.10     5.2105     5.1916    89.1310    88.8170  0.000e+00
       8382     48.000    13.9329    13.9342    4.11915    4.11956          1     3.1060     2.3987      31.52      0.489     0.8763     0.1814  1.911e+00  0.1302000    34.3451    34.3478     0.0026     0.0013  1025.9089  1025.9107    25.6950    25.6967     47.547     47.781    1503.28    1503.29     5.2147     5.1996    89.3050    89.0500  0.000e+00
       8410     48.500    13.9380    13.9412    4.12022    4.12104          1     3.1109     2.4034      31.04      0.447     0.8493     0.1852  1.817e+00  0.1395000    34.3504    34.3551     0.0047     0.0032  1025.9142  1025.9172    25.6980    25.7010     48.042     48.277    1503.31    1503.33     5.2249     5.2118    89.4910    89.2760  0.000e+00
       8439     49.000    13.9415    13.9447    4.12084    4.12169          1     3.1175     2.4091      30.53      0.415     0.8096     0.3046  1.737e+00  0.1542000    34.3528    34.3579     0.0051     0.0032  1025.9176  1025.9208    25.6992    25.7024     48.538     48.774    1503.33    1503.35     5.2390     5.2274    89.7410    89.5510  0.000e+00
       8465     49.500    13.9472    13.9487    4.12185    4.12240          1     3.1248     2.4144      30.07      0.441     0.8047     0.1573  1.658e+00  0.1791000    34.3569    34.3606     0.0037     0.0016  1025.9218  1025.9243    25.7012    25.7037     49.033     49.270    1503.37    1503.37     5.2544     5.2418    90.0160    89.8050  0.000e+00
       8489     50.000    13.9351    13.9401    4.12325    4.12414          1     3.1308     2.4204      29.55      0.479     0.7950     0.3067  1.581e+00  0.1735000    34.3806    34.3844     0.0038     0.0050  1025.9448  1025.9467    25.7219    25.7239     49.528     49.767    1503.36    1503.38     5.2685     5.2589    90.2490    90.0970  0.000e+00
       8516     50.500    13.8957    13.9012    4.12269    4.12355          1     3.1296     2.4154      29.06      0.468     0.7712     0.3275  1.505e+00  0.1907000    34.4105    34.4135     0.0031     0.0055  1025.9783  1025.9796    25.7533    25.7545     50.023     50.263    1503.28    1503.30     5.2695     5.2490    90.2110    89.8720  0.000e+00
       8545     51.000    13.8470    13.8525    4.12103    4.12191          1     3.1210     2.4033      28.56      0.418     0.6925     0.2510  1.431e+00  0.2060000    34.4384    34.4418     0.0034     0.0054  1026.0123  1026.0138    25.7850    25.7865     50.518     50.760    1503.16    1503.18     5.2557     5.2207    89.9020    89.3150  0.000e+00
       8573     51.500    13.6138    13.6547    4.09781    4.10246          1     3.1129     2.3963      28.07      0.422     0.5906     0.3597  1.362e+00  0.2445000    34.4305    34.4373     0.0068     0.0409  1026.0568  1026.0536    25.8271    25.8239     51.014     51.256    1502.40    1502.54     5.2648     5.2245    89.6270    89.0190  0.000e+00
       8598     52.000    13.3825    13.3880    4.07400    4.07510          1     3.1047     2.3915      27.59      0.466     0.4425     0.1487  1.292e+00  0.3211000    34.4151    34.4205     0.0054     0.0056  1026.0947  1026.0978    25.8626    25.8656     51.509     51.753    1501.63    1501.65     5.2738     5.2428    89.3480    88.8360  0.000e+00
       8624     52.500    13.2589    13.2648    4.06375    4.06477          1     3.0965     2.3854      27.05      0.473     0.3927     0.3564  1.229e+00  0.3432000    34.4298    34.4341     0.0043     0.0059  1026.1336  1026.1357    25.8990    25.9012     52.004     52.249    1501.24    1501.27     5.2697     5.2402    89.0620    88.5770  0.000e+00
       8653     53.000    13.1786    13.1880    4.05787    4.05912          1     3.0878     2.3761      26.55      0.424     0.3733     0.2618  1.169e+00  0.3306000    34.4467    34.4500     0.0033     0.0094  1026.1652  1026.1659    25.9284    25.9290     52.499     52.746    1501.01    1501.04     5.2595     5.2228    88.7530    88.1530  0.000e+00
       8680     53.500    13.0954    13.1025    4.05232    4.05338          1     3.0824     2.3746      26.12      0.422     0.3729     0.3744  1.110e+00  0.3413000    34.4695    34.4730     0.0035     0.0071  1026.2019  1026.2032    25.9628    25.9641     52.995     53.242    1500.77    1500.79     5.2566     5.2284    88.5650    88.1040  0.000e+00
       8705     54.000    13.0317    13.0407    4.04807    4.04920          1     3.0774     2.3726      25.61      0.468     0.3860     0.1603  1.046e+00  0.3657000    34.4868    34.4894     0.0026     0.0089  1026.2303  1026.2306    25.9889    25.9891     53.490     53.738    1500.58    1500.61     5.2526     5.2296    88.3920    88.0220  0.000e+00
       8730     54.500    12.9480    12.9528    4.04340    4.04422          1     3.0712     2.3693      25.09      0.489     0.3974     0.4185  9.862e-01  0.3568000    34.5184    34.5218     0.0035     0.0048  1026.2738  1026.2756    26.0301    26.0318     53.985     54.235    1500.35    1500.37     5.2478     5.2301    88.1750    87.8880  0.000e+00
       8758     55.000    12.9161    12.9246    4.04090    4.04229          1     3.0642     2.3638      24.58      0.444     0.4054     0.5482  9.237e-01  0.3192000    34.5235    34.5290     0.0055     0.0085  1026.2865  1026.2890    26.0405    26.0431     54.480     54.731    1500.26    1500.29     5.2359     5.2177    87.9200    87.6340  0.000e+00
       8786     55.500    12.8702    12.8765    4.03584    4.03695          1     3.0567     2.3578      24.11      0.417     0.3787     0.1942  8.657e-01  0.2883000    34.5169    34.5217     0.0048     0.0063  1026.2928  1026.2952    26.0445    26.0470     54.975     55.227    1500.10    1500.13     5.2251     5.2071    87.6530    87.3640  0.000e+00
       8812     56.000    12.8437    12.8421    4.03274    4.03303          1     3.0498     2.3525      23.60      0.446     0.3497     0.4239  8.120e-01  0.3049000    34.5113    34.5156     0.0043    -0.0016  1026.2959  1026.2996    26.0454    26.0491     55.471     55.724    1500.02    1500.02     5.2133     5.1969    87.4040    87.1280  0.000e+00
       8837     56.500    12.8105    12.8204    4.02897    4.03048          1     3.0457     2.3510      23.14      0.480     0.3505     0.3759  7.564e-01  0.3105000    34.5053    34.5108     0.0055     0.0099  1026.3002  1026.3025    26.0474    26.0497     55.966     56.220    1499.91    1499.95     5.2085     5.1956    87.2610    87.0650  0.000e+00
       8863     57.000    12.7794    12.7888    4.02538    4.02689          1     3.0461     2.3530      22.60      0.477     0.3244     0.3738  7.039e-01  0.3046000    34.4993    34.5052     0.0058     0.0094  1026.3040  1026.3066    26.0489    26.0515     56.461     56.716    1499.80    1499.84     5.2134     5.2055    87.2830    87.1710  0.000e+00
       8891     57.500    12.7720    12.7764    4.02500    4.02597          1     3.0482     2.3561      22.11      0.438     0.3137     0.4120  6.586e-01  0.3222000    34.5022    34.5074     0.0053     0.0044  1026.3099  1026.3131    26.0526    26.0558     56.956     57.213    1499.79    1499.81     5.2191     5.2159    87.3670    87.3250  0.000e+00
       8920     58.000    12.8211    12.8139    4.03171    4.03128          1     3.0509     2.3588      21.63      0.416     0.3601     0.3149  6.152e-01  0.2915000    34.5213    34.5237     0.0024    -0.0072  1026.3171  1026.3204    26.0576    26.0609     57.451     57.709    1499.99    1499.97     5.2194     5.2188    87.4710    87.4500  0.000e+00
       8947     58.500    12.8398    12.8499    4.03528    4.03683          1     3.0563     2.3655      21.14      0.425     0.3470     0.4837  5.723e-01  0.2857000    34.5381    34.5437     0.0056     0.0100  1026.3286  1026.3309    26.0669    26.0693     57.947     58.205    1500.08    1500.12     5.2290     5.2333    87.6740    87.7670  0.000e+00
       8973     59.000    12.8254    12.8260    4.03491    4.03533          1     3.0616     2.3709      20.64      0.456     0.3363     0.3357  5.379e-01  0.2799000    34.5475    34.5509     0.0034     0.0006  1026.3410  1026.3436    26.0771    26.0796     58.442     58.702    1500.05    1500.06     5.2425     5.2514    87.8800    88.0320  0.000e+00
       8999     59.500    12.8944    12.8924    4.04481    4.04488          1     3.0645     2.3713      20.13      0.465     0.3953     0.3339  5.020e-01  0.2799000    34.5788    34.5813     0.0025    -0.0020  1026.3537  1026.3561    26.0876    26.0900     58.937     59.198    1500.32    1500.32     5.2403     5.2440    87.9870    88.0450  0.000e+00
       9027     60.000    12.9049    12.9097    4.04666    4.04755          1     3.0659     2.3719      19.65      0.445     0.4198     0.1831  4.678e-01  0.2798000    34.5866    34.5907     0.0041     0.0048  1026.3599  1026.3621    26.0916    26.0938     59.432     59.694    1500.38    1500.40     5.2422     5.2436    88.0420    88.0760  0.000e+00
       9054     60.500    12.8718    12.8794    4.04408    4.04522          1     3.0667     2.3725      19.21      0.439     0.4229     0.2865  4.305e-01  0.2739000    34.5920    34.5960     0.0040     0.0076  1026.3729  1026.3745    26.1023    26.1039     59.927     60.191    1500.28    1500.31     5.2478     5.2492    88.0780    88.1170  0.000e+00
       9080     61.000    12.8637    12.8673    4.04345    4.04424          1     3.0664     2.3724      18.65      0.453     0.4202     0.1870  4.036e-01  0.2913000    34.5932    34.5975     0.0043     0.0035  1026.3778  1026.3804    26.1049    26.1075     60.423     60.687    1500.26    1500.28     5.2485     5.2503    88.0750    88.1150  0.000e+00
       9106     61.500    12.8580    12.8624    4.04301    4.04391          1     3.0666     2.3733      18.17      0.465     0.4292     0.2879  3.771e-01  0.2865000    34.5940    34.5986     0.0046     0.0044  1026.3818  1026.3844    26.1067    26.1093     60.918     61.183    1500.25    1500.28     5.2499     5.2539    88.0890    88.1680  0.000e+00
       9132     62.000    12.8382    12.8443    4.04147    4.04248          1     3.0672     2.3772      17.69      0.456     0.4216     0.1854  3.528e-01  0.3187000    34.5972    34.6013     0.0041     0.0060  1026.3904  1026.3924    26.1131    26.1151     61.413     61.680    1500.20    1500.23     5.2537     5.2671    88.1190    88.3570  0.000e+00
       9159     62.500    12.8100    12.8185    4.03984    4.04089          1     3.0678     2.3778      17.18      0.444     0.4003     0.3288  3.289e-01  0.3070000    34.6073    34.6096     0.0023     0.0085  1026.4061  1026.4062    26.1265    26.1266     61.908     62.176    1500.13    1500.16     5.2583     5.2720    88.1510    88.3970  0.000e+00
       9186     63.000    12.7815    12.7861    4.03873    4.03959          1     3.0691     2.3785      16.70      0.444     0.4073     0.3393  3.101e-01  0.3044000    34.6226    34.6266     0.0041     0.0046  1026.4259  1026.4281    26.1440    26.1462     62.403     62.672    1500.06    1500.08     5.2643     5.2777    88.2070    88.4430  0.000e+00
       9212     63.500    12.7729    12.7762    4.03826    4.03906          1     3.0678     2.3773      16.29      0.455     0.3976     0.3694  2.856e-01  0.3251000    34.6258    34.6305     0.0047     0.0033  1026.4323  1026.4353    26.1482    26.1512     62.899     63.169    1500.04    1500.06     5.2626     5.2756    88.1650    88.3920  0.000e+00
       9239     64.000    12.7571    12.7599    4.03700    4.03775          1     3.0654     2.3753      15.78      0.460     0.3966     0.4022  2.614e-01  0.3485000    34.6280    34.6326     0.0046     0.0028  1026.4394  1026.4424    26.1530    26.1561     63.394     63.665    1500.00    1500.01     5.2593     5.2722    88.0830    88.3050  0.000e+00
       9266     64.500    12.7225    12.7274    4.03360    4.03454          1     3.0617     2.3724      15.25      0.447     0.3967     0.4181  2.386e-01  0.3487000    34.6270    34.6315     0.0045     0.0049  1026.4478  1026.4502    26.1591    26.1616     63.889     64.161    1499.89    1499.91     5.2554     5.2682    87.9530    88.1800  0.000e+00
       9293     65.000    12.6790    12.6890    4.02921    4.03065          1     3.0566     2.3664      14.78      0.439     0.3789     0.3685  2.195e-01  0.3672000    34.6247    34.6292     0.0046     0.0100  1026.4568  1026.4583    26.1659    26.1674     64.384     64.657    1499.75    1499.79     5.2494     5.2563    87.7720    87.9080  0.000e+00
       9320     65.500    12.6229    12.6281    4.02374    4.02474          1     3.0507     2.3590      14.22      0.444     0.3632     0.4043  2.061e-01  0.3726000    34.6235    34.6283     0.0048     0.0053  1026.4693  1026.4719    26.1761    26.1787     64.879     65.154    1499.57    1499.59     5.2430     5.2428    87.5630    87.5710  0.000e+00
       9346     66.000    12.5662    12.5742    4.01826    4.01955          1     3.0472     2.3559      13.73      0.452     0.3545     0.3156  1.862e-01  0.3861000    34.6227    34.6278     0.0051     0.0079  1026.4821  1026.4844    26.1865    26.1890     65.374     65.650    1499.38    1499.42     5.2422     5.2407    87.4460    87.4390  0.000e+00
       9372     66.500    12.4974    12.5020    4.01130    4.01218          1     3.0498     2.3613      13.25      0.460     0.3326     0.2964  1.680e-01  0.4473000    34.6189    34.6232     0.0043     0.0046  1026.4949  1026.4974    26.1970    26.1995     65.870     66.146    1499.16    1499.18     5.2564     5.2651    87.5560    87.7120  0.000e+00
       9398     67.000    12.4609    12.4645    4.00864    4.00948          1     3.0595     2.3730      12.77      0.461     0.3163     0.3502  1.567e-01  0.4481000    34.6267    34.6315     0.0048     0.0036  1026.5103  1026.5134    26.2102    26.2132     66.365     66.643    1499.05    1499.07     5.2822     5.3027    87.9240    88.2750  0.000e+00
       9425     67.500    12.5219    12.5189    4.01849    4.01834          1     3.0726     2.3856      12.26      0.454     0.3220     0.1602  1.442e-01  0.4348000    34.6652    34.6665     0.0014    -0.0030  1026.5304  1026.5321    26.2281    26.2298     66.860     67.139    1499.31    1499.30     5.3035     5.3312    88.4110    88.8690  0.000e+00
