file_explorer/tests/test_data/local/cnv/SBE09_1387_20220918_1305_77SE_16_0847.cnv
* Sea-Bird SBE 9 Data File:
* FileName = L:\nytt_ctd_format\2022\SBE09_1387_20220918_1302_77SE_16_0847.hex
* Software Version Seasave V 7.26.7.121
* Temperature SN = 5351
* Conductivity SN = 3941
* Number of Bytes Per Scan = 41
* Number of Voltage Words = 4
* Number of Scans Averaged by the Deck Unit = 1
* NMEA Latitude = 55 22.96 N
* NMEA Longitude = 015 20.06 E
* NMEA UTC (Time) = Sep 18 2022  13:05:36
* NMEA baud rate = 4800
** Station: BY4 CHRISTIANS
** Operator: HBjo
** Ship: 77SE Svea
** Average sound velocity: 1462.36 m/s
** True-depth calculation Tue, 20 Sep 2022 06:54:58 +0000
** Cruise: 77SE-2022-16
** Latitud [GG MM.mm N]:
** Longitude [GG MM.mm E]:
** Pumps: PrimaryPump: 6060 # SecondaryPump: 6061
** EventIDs: EventID:  # ParentEventID:
** Additional Sampling:
** Metadata admin: MPROG: NATL # PROJ: BAS # ORDERER: HAV, SMHI # SLABO: SMHI # ALABO: SMHI # REFSK: HC-B-B8, HC-C-C2, OM7
** Metadata conditions: WADEP_BOT: 94.0 # WADEP: 93 # WINSP: 4.8 # WINDIR: 30 # AIRPRES: 1000 # AIRTEMP: 14.05 # WEATH: 2 # CLOUD: 8 # WAVES: 2 # ICEOB: 0 # COMNT_VISIT:
** LIMS Job: 20227710-0847
# nquan = 32
# nvalues = 176
# units = specified
# name 0 = scan: Scan Count
# name 1 = prDM: Pressure, Digiquartz [db]
# name 2 = t090C: Temperature [ITS-90, deg C]
# name 3 = t190C: Temperature, 2 [ITS-90, deg C]
# name 4 = c0S/m: Conductivity [S/m]
# name 5 = c1S/m: Conductivity, 2 [S/m]
# name 6 = pumps: Pump Status
# name 7 = sbeox0V: Oxygen raw, SBE 43 [V]
# name 8 = sbeox1V: Oxygen raw, SBE 43, 2 [V]
# name 9 = altM: Altimeter [m]
# name 10 = dz/dtM: Descent Rate [m/s]
# name 11 = flECO-AFL: Chl-a Fluorescence, WET Labs ECO-AFL/FL [mg/m^3]
# name 12 = flECO-AFL1: Phycocyanin Fluorescence, WET Labs ECO-AFL/FL, 2 [mg/m^3]
# name 13 = par: PAR/Irradiance, Biospherical/Licor [µE/(cm^2*s)]
# name 14 = turbWETntu0: Turbidity, WET Labs ECO [NTU]
# name 15 = sal00: Salinity, Practical [PSU]
# name 16 = sal11: Salinity, Practical, 2 [PSU]
# name 17 = secS-priS: Salinity, Practical, Difference, 2 - 1 [PSU]
# name 18 = T2-T190C: Temperature Difference, 2 - 1 [ITS-90, deg C]
# name 19 = density00: Density [density, kg/m^3]
# name 20 = density11: Density, 2 [density, kg/m^3]
# name 21 = sigma-t00: Density [sigma-t, kg/m^3 ]
# name 22 = sigma-t11: Density, 2 [sigma-t, kg/m^3 ]
# name 23 = depSM: Depth [salt water, m], lat = 55.3827
# name 24 = depFM: Depth [true depth, m], lat = 55.3827
# name 25 = svCM: Sound Velocity [Chen-Millero, m/s]
# name 26 = svCM1: Sound Velocity, 2 [Chen-Millero, m/s]
# name 27 = sbeox0ML/L: Oxygen, SBE 43 [ml/l], WS = 2
# name 28 = sbeox1ML/L: Oxygen, SBE 43, 2 [ml/l], WS = 2
# name 29 = sbeox0PS: Oxygen, SBE 43 [% saturation], WS = 2
# name 30 = sbeox1PS: Oxygen, SBE 43, 2 [% saturation], WS = 2
# name 31 = flag: flag
# span 0 =      46066,      53346
# span 1 =      1.500,     89.000
# span 2 =     5.4538,    16.9531
# span 3 =     5.4580,    16.9519
# span 4 =   0.839477,   1.651186
# span 5 =   0.839566,   1.651327
# span 6 =          1,          1
# span 7 =     0.7210,     3.3810
# span 8 =     0.5251,     2.6417
# span 9 =       0.80,      91.80
# span 10 =     -0.153,      0.506
# span 11 =     0.1333,     2.0170
# span 12 =    -0.1086,   140.6698
# span 13 = 1.4100e-04, 2.5632e+02
# span 14 =     0.0712,     3.1685
# span 15 =     7.5188,    14.6846
# span 16 =     7.5194,    14.6849
# span 17 =    -0.0120,     0.0108
# span 18 =    -0.0221,     0.1332
# span 19 =  1004.5920,  1011.7662
# span 20 =  1004.5920,  1011.7662
# span 21 =     4.5812,    11.3473
# span 22 =     4.5817,    11.3474
# span 23 =      1.486,     88.176
# span 24 =      1.521,     89.986
# span 25 =    1438.87,    1481.46
# span 26 =    1438.88,    1481.47
# span 27 =     0.0581,     6.6559
# span 28 =     0.0693,     6.6585
# span 29 =      0.775,     98.739
# span 30 =      0.924,     99.465
# span 31 = 0.0000e+00, 0.0000e+00
# interval = decibars: 0.5
# start_time = Sep 18 2022 13:05:37 [NMEA time, first data scan]
# bad_flag = -9.990e-29
*END*
      46066      1.500    16.9305    16.9324    1.10865    1.10877          1     3.3779     2.6414      91.80      0.066     1.8632     1.7906  2.563e+02  0.3030000     7.5781     7.5786     0.0005     0.0019  1004.5920  1004.5920     4.5851     4.5852      1.486      1.521    1481.36    1481.37     6.3793     6.4338    98.5930    99.4400  0.000e+00
      46140      2.000    16.9291    16.9311    1.10877    1.10889          1     3.3789     2.6411      91.25      0.153     1.8743     1.9313  2.172e+02  0.3387000     7.5792     7.5797     0.0005     0.0019  1004.5954  1004.5954     4.5862     4.5863      1.982      2.028    1481.37    1481.37     6.3823     6.4336    98.6380    99.4350  0.000e+00
      46192      2.500    16.9295    16.9320    1.10875    1.10888          1     3.3798     2.6417      90.77      0.239     1.8786     1.8706  1.854e+02  0.3225000     7.5789     7.5795     0.0005     0.0025  1004.5974  1004.5973     4.5860     4.5859      2.477      2.535    1481.38    1481.38     6.3849     6.4355    98.6780    99.4650  0.000e+00
      46230      3.000    16.9531    16.9439    1.10930    1.10908          1     3.3798     2.6402      90.29      0.303     1.8773     1.7957  1.587e+02  0.3215000     7.5785     7.5787     0.0002    -0.0092  1004.5950  1004.5968     4.5812     4.5831      2.973      3.042    1481.46    1481.43     6.3820     6.4298    98.6800    99.4010  0.000e+00
      46258      3.500    16.9486    16.9486    1.10922    1.10926          1     3.3802     2.6393      89.78      0.390     1.8787     1.7341  1.366e+02  0.3290000     7.5788     7.5790     0.0003     0.0000  1004.5983  1004.5985     4.5822     4.5824      3.468      3.549    1481.45    1481.45     6.3841     6.4268    98.7050    99.3650  0.000e+00
      46287      4.000    16.9455    16.9519    1.10910    1.10932          1     3.3810     2.6371      89.32      0.441     1.8668     2.0615  1.185e+02  0.3290000     7.5784     7.5789     0.0004     0.0064  1004.6009  1004.6000     4.5825     4.5817      3.964      4.056    1481.45    1481.47     6.3868     6.4201    98.7390    99.2680  0.000e+00
      46316      4.500    16.9358    16.9388    1.10868    1.10886          1     3.3789     2.6320      88.74      0.404     1.8933     1.9404  1.004e+02  0.3072000     7.5771     7.5779     0.0007     0.0030  1004.6040  1004.6040     4.5834     4.5834      4.459      4.563    1481.43    1481.43     6.3835     6.4071    98.6680    99.0390  0.000e+00
      46346      5.000    16.9354    16.9370    1.10862    1.10874          1     3.3750     2.6248      88.31      0.402     1.9377     1.9112  8.688e+01  0.3120000     7.5767     7.5772     0.0006     0.0017  1004.6060  1004.6062     4.5831     4.5832      4.955      5.069    1481.43    1481.44     6.3746     6.3861    98.5290    98.7110  0.000e+00
      46374      5.500    16.9096    16.9011    1.10966    1.11013          1     3.3735     2.6151      87.78      0.415     1.9702     2.1548  7.518e+01  0.3917000     7.5891     7.5942     0.0051    -0.0086  1004.6226  1004.6281     4.5974     4.6029      5.450      5.576    1481.37    1481.35     6.3745     6.3615    98.4840    98.2680  0.000e+00
      46401      6.000    16.8554    16.8604    1.11136    1.11137          1     3.3688     2.6080      87.31      0.447     1.9864     2.1069  6.451e+01  0.3278000     7.6118     7.6109    -0.0008     0.0050  1004.6524  1004.6508     4.6249     4.6233      5.946      6.083    1481.23    1481.24     6.3700     6.3454    98.3180    97.9470  0.000e+00
      46424      6.500    16.8519    16.8516    1.11145    1.11163          1     3.3665     2.6041      86.80      0.488     2.0170     1.8667  5.617e+01  0.3404000     7.6130     7.6145     0.0015    -0.0004  1004.6563  1004.6575     4.6265     4.6277      6.441      6.590    1481.23    1481.23     6.3655     6.3352    98.2420    97.7740  0.000e+00
      46450      7.000    16.8372    16.8350    1.11186    1.11208          1     3.3632     2.6015      86.27      0.477     1.9958     1.6786  4.845e+01  0.3690000     7.6188     7.6208     0.0020    -0.0022  1004.6657  1004.6677     4.6337     4.6356      6.937      7.097    1481.19    1481.19     6.3597     6.3297    98.1270    97.6600  0.000e+00
      46476      7.500    16.8150    16.8183    1.11248    1.11257          1     3.3598     2.5960      85.87      0.462     1.9641     1.8194  4.240e+01  0.3414000     7.6275     7.6275    -0.0000     0.0032  1004.6788  1004.6782     4.6445     4.6438      7.432      7.604    1481.14    1481.15     6.3547     6.3157    98.0100    97.4150  0.000e+00
      46501      8.000    16.7975    16.7994    1.11293    1.11306          1     3.3550     2.5903      85.21      0.480     1.9600     2.0761  3.680e+01  0.3393000     7.6341     7.6346     0.0005     0.0020  1004.6894  1004.6895     4.6528     4.6528      7.927      8.111    1481.10    1481.10     6.3457     6.3012    97.8390    97.1570  0.000e+00
      46525      8.500    16.7865    16.7882    1.11329    1.11342          1     3.3502     2.5872      84.69      0.476     1.9753     1.9486  3.193e+01  0.3491000     7.6387     7.6394     0.0006     0.0016  1004.6973  1004.6975     4.6583     4.6585      8.423      8.618    1481.07    1481.08     6.3358     6.2936    97.6680    97.0200  0.000e+00
      46550      9.000    16.7757    16.7773    1.11364    1.11377          1     3.3457     2.5837      84.20      0.495     2.0099     1.9895  2.779e+01  0.3308000     7.6433     7.6440     0.0007     0.0016  1004.7051  1004.7054     4.6639     4.6641      8.918      9.125    1481.05    1481.06     6.3267     6.2848    97.5080    96.8660  0.000e+00
      46575      9.500    16.7637    16.7648    1.11404    1.11419          1     3.3402     2.5824      83.76      0.480     2.0144     1.7198  2.447e+01  0.3169000     7.6485     7.6494     0.0009     0.0011  1004.7136  1004.7141     4.6701     4.6705      9.414      9.632    1481.03    1481.03     6.3155     6.2828    97.3150    96.8130  0.000e+00
      46602     10.000    16.7487    16.7506    1.11437    1.11448          1     3.3330     2.5811      83.21      0.457     2.0108     1.7049  2.160e+01  0.3417000     7.6537     7.6542     0.0005     0.0019  1004.7226  1004.7227     4.6768     4.6769      9.909     10.139    1480.99    1481.00     6.3005     6.2809    97.0560    96.7580  0.000e+00
      46628     10.500    16.7311    16.7326    1.11460    1.11472          1     3.3250     2.5767      82.64      0.454     2.0104     1.7893  1.889e+01  0.3577000     7.6587     7.6593     0.0006     0.0014  1004.7321  1004.7323     4.6839     4.6841     10.405     10.646    1480.95    1480.95     6.2839     6.2702    96.7680    96.5610  0.000e+00
      46654     11.000    16.7166    16.7180    1.11485    1.11498          1     3.3117     2.5661      82.25      0.465     1.9909     1.6341  1.645e+01  0.3312000     7.6633     7.6640     0.0007     0.0015  1004.7406  1004.7408     4.6901     4.6904     10.900     11.152    1480.91    1480.92     6.2540     6.2405    96.2830    96.0770  0.000e+00
      46679     11.500    16.7087    16.7110    1.11537    1.11553          1     3.2971     2.5556      81.70      0.480     2.0096     1.6448  1.437e+01  0.3001000     7.6686     7.6693     0.0007     0.0023  1004.7484  1004.7485     4.6956     4.6957     11.396     11.659    1480.90    1480.91     6.2203     6.2097    95.7510    95.5930  0.000e+00
      46704     12.000    16.7191    16.7217    1.11746    1.11766          1     3.2857     2.5459      81.12      0.475     1.9920     1.8041  1.269e+01  0.3018000     7.6821     7.6830     0.0010     0.0027  1004.7590  1004.7592     4.7040     4.7042     11.891     12.166    1480.96    1480.97     6.1916     6.1787    95.3370    95.1440  0.000e+00
      46730     12.500    16.7238    16.7260    1.11902    1.11914          1     3.2775     2.5392      80.64      0.462     1.9042     2.0146  1.124e+01  0.2896000     7.6927     7.6932     0.0005     0.0022  1004.7685  1004.7685     4.7112     4.7112     12.387     12.673    1480.99    1481.00     6.1714     6.1580    95.0410    94.8390  0.000e+00
      46757     13.000    16.7242    16.7263    1.11973    1.11987          1     3.2715     2.5368      80.12      0.455     1.7880     1.5864  9.887e+00  0.2742000     7.6979     7.6985     0.0006     0.0021  1004.7747  1004.7747     4.7151     4.7151     12.882     13.180    1481.01    1481.02     6.1571     6.1509    94.8250    94.7340  0.000e+00
      46782     13.500    16.7228    16.7248    1.12016    1.12027          1     3.2648     2.5324      79.60      0.465     1.6877     1.5424  8.646e+00  0.2806000     7.7013     7.7017     0.0004     0.0020  1004.7798  1004.7797     4.7179     4.7178     13.377     13.687    1481.02    1481.03     6.1414     6.1379    94.5820    94.5320  0.000e+00
      46807     14.000    16.7219    16.7240    1.12045    1.12055          1     3.2602     2.5308      79.15      0.477     1.5986     1.5405  7.612e+00  0.3040000     7.7035     7.7039     0.0003     0.0021  1004.7840  1004.7839     4.7198     4.7197     13.873     14.194    1481.03    1481.03     6.1308     6.1336    94.4180    94.4650  0.000e+00
      46832     14.500    16.7187    16.7209    1.12062    1.12073          1     3.2579     2.5304      78.64      0.479     1.5529     1.5424  6.763e+00  0.2636000     7.7053     7.7058     0.0004     0.0022  1004.7883  1004.7882     4.7218     4.7217     14.368     14.701    1481.03    1481.03     6.1260     6.1331    94.3400    94.4530  0.000e+00
      46857     15.000    16.7160    16.7180    1.12073    1.12084          1     3.2552     2.5321      78.04      0.476     1.5194     1.4979  6.014e+00  0.2616000     7.7066     7.7070     0.0004     0.0020  1004.7920  1004.7920     4.7233     4.7232     14.864     15.207    1481.03    1481.03     6.1202     6.1389    94.2460    94.5370  0.000e+00
      46882     15.500    16.7155    16.7176    1.12087    1.12099          1     3.2534     2.5297      77.57      0.482     1.4925     1.4104  5.324e+00  0.2801000     7.7077     7.7082     0.0005     0.0021  1004.7952  1004.7952     4.7242     4.7241     15.359     15.714    1481.04    1481.04     6.1164     6.1321    94.1860    94.4320  0.000e+00
      46907     16.000    16.7153    16.7174    1.12100    1.12112          1     3.2508     2.5274      77.04      0.487     1.4809     1.3996  4.703e+00  0.2610000     7.7087     7.7091     0.0005     0.0021  1004.7983  1004.7983     4.7250     4.7249     15.855     16.221    1481.04    1481.05     6.1104     6.1255    94.0950    94.3320  0.000e+00
      46933     16.500    16.7147    16.7167    1.12107    1.12117          1     3.2504     2.5251      76.52      0.471     1.4768     1.4391  4.176e+00  0.2453000     7.7092     7.7096     0.0004     0.0020  1004.8011  1004.8011     4.7255     4.7254     16.350     16.728    1481.05    1481.06     6.1100     6.1189    94.0870    94.2280  0.000e+00
      46959     17.000    16.7140    16.7161    1.12126    1.12137          1     3.2479     2.5234      76.04      0.455     1.4627     1.3714  3.736e+00  0.2752000     7.7107     7.7112     0.0004     0.0020  1004.8047  1004.8047     4.7268     4.7267     16.846     17.235    1481.06    1481.07     6.1044     6.1142    94.0010    94.1550  0.000e+00
      46986     17.500    16.7155    16.7174    1.12172    1.12180          1     3.2437     2.5221      75.55      0.452     1.4248     1.3547  3.351e+00  0.2641000     7.7138     7.7140     0.0002     0.0020  1004.8091  1004.8089     4.7288     4.7287     17.341     17.742    1481.08    1481.08     6.0945     6.1103    93.8520    94.1000  0.000e+00
      47011     18.000    16.7219    16.7238    1.12287    1.12295          1     3.2409     2.5206      75.03      0.460     1.3779     1.2757  2.987e+00  0.2395000     7.7211     7.7213     0.0002     0.0019  1004.8157  1004.8155     4.7332     4.7330     17.836     18.249    1481.11    1481.12     6.0871     6.1049    93.7550    94.0330  0.000e+00
      47036     18.500    16.7305    16.7323    1.12409    1.12415          1     3.2388     2.5208      74.53      0.476     1.3126     1.4113  2.649e+00  0.2379000     7.7285     7.7285     0.0001     0.0018  1004.8220  1004.8218     4.7372     4.7370     18.332     18.756    1481.16    1481.16     6.0809     6.1045    93.6800    94.0470  0.000e+00
      47062     19.000    16.7304    16.7326    1.12427    1.12438          1     3.2388     2.5198      73.95      0.473     1.2485     1.3773  2.358e+00  0.2312000     7.7298     7.7302     0.0004     0.0021  1004.8254  1004.8253     4.7383     4.7382     18.827     19.262    1481.17    1481.17     6.0812     6.1017    93.6860    94.0060  0.000e+00
      47088     19.500    16.7280    16.7302    1.12429    1.12441          1     3.2370     2.5201      73.40      0.460     1.2214     1.3393  2.119e+00  0.2292000     7.7303     7.7308     0.0005     0.0023  1004.8285  1004.8284     4.7391     4.7390     19.323     19.769    1481.17    1481.18     6.0777     6.1033    93.6270    94.0270  0.000e+00
      47115     20.000    16.7236    16.7256    1.12432    1.12444          1     3.2369     2.5190      72.97      0.456     1.1852     1.2419  1.910e+00  0.2205000     7.7314     7.7318     0.0004     0.0020  1004.8324  1004.8324     4.7407     4.7407     19.818     20.276    1481.16    1481.17     6.0784     6.1012    93.6300    93.9860  0.000e+00
      47139     20.500    16.7135    16.7160    1.12395    1.12408          1     3.2366     2.5192      72.52      0.476     1.1553     1.2467  1.715e+00  0.2159000     7.7304     7.7310     0.0005     0.0025  1004.8359  1004.8358     4.7419     4.7418     20.313     20.783    1481.14    1481.15     6.0793     6.1035    93.6250    94.0020  0.000e+00
      47164     21.000    16.7055    16.7079    1.12377    1.12389          1     3.2350     2.5184      71.94      0.491     1.1337     1.2638  1.532e+00  0.2291000     7.7306     7.7310     0.0004     0.0024  1004.8398  1004.8397     4.7435     4.7434     20.809     21.290    1481.12    1481.13     6.0770     6.1025    93.5730    93.9710  0.000e+00
      47189     21.500    16.6944    16.6969    1.12366    1.12379          1     3.2329     2.5102      71.37      0.476     1.1106     1.1448  1.376e+00  0.2118000     7.7319     7.7323     0.0004     0.0025  1004.8451  1004.8450     4.7466     4.7464     21.304     21.797    1481.09    1481.10     6.0737     6.0794    93.5030    93.5950  0.000e+00
      47216     22.000    16.6628    16.6663    1.12320    1.12332          1     3.2273     2.5034      70.88      0.459     1.0972     1.1349  1.249e+00  0.2073000     7.7344     7.7346     0.0002     0.0035  1004.8552  1004.8547     4.7544     4.7539     21.800     22.304    1481.00    1481.01     6.0646     6.0632    93.3020    93.2880  0.000e+00
      47242     22.500    16.5958    16.5991    1.12302    1.12316          1     3.2117     2.4889      70.33      0.456     1.0871     1.2797  1.129e+00  0.2251000     7.7459     7.7463     0.0004     0.0033  1004.8787  1004.8784     4.7755     4.7752     22.295     22.810    1480.80    1480.81     6.0357     6.0278    92.7360    92.6210  0.000e+00
      47267     23.000    16.5843    16.5863    1.12350    1.12361          1     3.1865     2.4539      69.83      0.473     1.0530     1.1874  1.016e+00  0.2073000     7.7516     7.7521     0.0005     0.0020  1004.8875  1004.8875     4.7820     4.7820     22.791     23.317    1480.78    1480.79     5.9767     5.9233    91.8110    90.9940  0.000e+00
      47292     23.500    16.5854    16.5872    1.12402    1.12412          1     3.1796     2.4335      69.39      0.485     1.0500     0.9758  9.068e-01  0.2115000     7.7552     7.7556     0.0004     0.0018  1004.8923  1004.8923     4.7846     4.7845     23.286     23.824    1480.79    1480.80     5.9602     5.8616    91.5610    90.0500  0.000e+00
