file_explorer/tests/test_data/local/cnv/SBE09_1387_20220918_1305_77SE_16_0847.cnv
* Sea-Bird SBE 9 Data File:
* FileName = L:\nytt_ctd_format\2022\SBE09_1387_20220918_1302_77SE_16_0847.hex
* Software Version Seasave V 7.26.7.121
* Temperature SN = 5351
* Conductivity SN = 3941
* Number of Bytes Per Scan = 41
* Number of Voltage Words = 4
* Number of Scans Averaged by the Deck Unit = 1
* NMEA Latitude = 55 22.96 N
* NMEA Longitude = 015 20.06 E
* NMEA UTC (Time) = Sep 18 2022  13:05:36
* NMEA baud rate = 4800
** Station: BY4 CHRISTIANS
** Operator: HBjo
** Ship: 77SE Svea
** Average sound velocity: 1462.36 m/s
** True-depth calculation Tue, 20 Sep 2022 06:54:58 +0000
** Cruise: 77SE-2022-16
** Latitud [GG MM.mm N]:
** Longitude [GG MM.mm E]:
** Pumps: PrimaryPump: 6060 # SecondaryPump: 6061
** EventIDs: EventID:  # ParentEventID:
** Additional Sampling:
** Metadata admin: MPROG: NATL # PROJ: BAS # ORDERER: HAV, SMHI # SLABO: SMHI # ALABO: SMHI # REFSK: HC-B-B8, HC-C-C2, OM7
** Metadata conditions: WADEP_BOT: 94.0 # WADEP: 93 # WINSP: 4.8 # WINDIR: 30 # AIRPRES: 1000 # AIRTEMP: 14.05 # WEATH: 2 # CLOUD: 8 # WAVES: 2 # ICEOB: 0 # COMNT_VISIT:
** LIMS Job: 20227710-0847
# nquan = 32
# nvalues = 176
# units = specified
# name 0 = scan: Scan Count
# name 1 = prDM: Pressure, Digiquartz [db]
# name 2 = t090C: Temperature [ITS-90, deg C]
# name 3 = t190C: Temperature, 2 [ITS-90, deg C]
# name 4 = c0S/m: Conductivity [S/m]
# name 5 = c1S/m: Conductivity, 2 [S/m]
# name 6 = pumps: Pump Status
# name 7 = sbeox0V: Oxygen raw, SBE 43 [V]
# name 8 = sbeox1V: Oxygen raw, SBE 43, 2 [V]
# name 9 = altM: Altimeter [m]
# name 10 = dz/dtM: Descent Rate [m/s]
# name 11 = flECO-AFL: Chl-a Fluorescence, WET Labs ECO-AFL/FL [mg/m^3]
# name 12 = flECO-AFL1: Phycocyanin Fluorescence, WET Labs ECO-AFL/FL, 2 [mg/m^3]
# name 13 = par: PAR/Irradiance, Biospherical/Licor [µE/(cm^2*s)]
# name 14 = turbWETntu0: Turbidity, WET Labs ECO [NTU]
# name 15 = sal00: Salinity, Practical [PSU]
# name 16 = sal11: Salinity, Practical, 2 [PSU]
# name 17 = secS-priS: Salinity, Practical, Difference, 2 - 1 [PSU]
# name 18 = T2-T190C: Temperature Difference, 2 - 1 [ITS-90, deg C]
# name 19 = density00: Density [density, kg/m^3]
# name 20 = density11: Density, 2 [density, kg/m^3]
# name 21 = sigma-t00: Density [sigma-t, kg/m^3 ]
# name 22 = sigma-t11: Density, 2 [sigma-t, kg/m^3 ]
# name 23 = depSM: Depth [salt water, m], lat = 55.3827
# name 24 = depFM: Depth [true depth, m], lat = 55.3827
# name 25 = svCM: Sound Velocity [Chen-Millero, m/s]
# name 26 = svCM1: Sound Velocity, 2 [Chen-Millero, m/s]
# name 27 = sbeox0ML/L: Oxygen, SBE 43 [ml/l], WS = 2
# name 28 = sbeox1ML/L: Oxygen, SBE 43, 2 [ml/l], WS = 2
# name 29 = sbeox0PS: Oxygen, SBE 43 [% saturation], WS = 2
# name 30 = sbeox1PS: Oxygen, SBE 43, 2 [% saturation], WS = 2
# name 31 = flag: flag
# span 0 =      46066,      53346
# span 1 =      1.500,     89.000
# span 2 =     5.4538,    16.9531
# span 3 =     5.4580,    16.9519
# span 4 =   0.839477,   1.651186
# span 5 =   0.839566,   1.651327
# span 6 =          1,          1
# span 7 =     0.7210,     3.3810
# span 8 =     0.5251,     2.6417
# span 9 =       0.80,      91.80
# span 10 =     -0.153,      0.506
# span 11 =     0.1333,     2.0170
# span 12 =    -0.1086,   140.6698
# span 13 = 1.4100e-04, 2.5632e+02
# span 14 =     0.0712,     3.1685
# span 15 =     7.5188,    14.6846
# span 16 =     7.5194,    14.6849
# span 17 =    -0.0120,     0.0108
# span 18 =    -0.0221,     0.1332
# span 19 =  1004.5920,  1011.7662
# span 20 =  1004.5920,  1011.7662
# span 21 =     4.5812,    11.3473
# span 22 =     4.5817,    11.3474
# span 23 =      1.486,     88.176
# span 24 =      1.521,     89.986
# span 25 =    1438.87,    1481.46
# span 26 =    1438.88,    1481.47
# span 27 =     0.0581,     6.6559
# span 28 =     0.0693,     6.6585
# span 29 =      0.775,     98.739
# span 30 =      0.924,     99.465
# span 31 = 0.0000e+00, 0.0000e+00
# interval = decibars: 0.5
# start_time = Sep 18 2022 13:05:37 [NMEA time, first data scan]
# bad_flag = -9.990e-29
*END*
[from data line 46]
      47344     24.500    15.3678    15.3928    1.09102    1.09147          1     3.1640     2.4337      68.29      0.451     0.9642     1.1205  7.373e-01  0.1799000     7.7417     7.7403    -0.0014     0.0250  1005.1040  1005.0986     4.9911     4.9857     24.277     24.838    1476.72    1476.81     6.0815     6.0218    91.0750    90.2280  0.000e+00
      47370     25.000    15.4057    15.3836    1.09231    1.09170          1     3.1536     2.4322      67.76      0.460     0.9665     1.0162  6.670e-01  0.1758000     7.7441     7.7437    -0.0004    -0.0221  1005.1016  1005.1051     4.9864     4.9899     24.772     25.344    1476.86    1476.79     6.0512     6.0186    90.6940    90.1640  0.000e+00
      47394     25.500    15.4666    15.4660    1.09417    1.09425          1     3.1369     2.4228      67.32      0.486     0.9679     0.9687  5.959e-01  0.1793000     7.7464     7.7471     0.0007    -0.0006  1005.0951  1005.0958     4.9777     4.9783     25.268     25.851    1477.08    1477.08     6.0022     5.9782    90.0780    89.7160  0.000e+00
      47420     26.000    15.4544    15.4390    1.09418    1.09377          1     3.0939     2.3709      66.80      0.479     0.9646     0.9648  5.365e-01  0.1885000     7.7488     7.7486    -0.0002    -0.0153  1005.1014  1005.1039     4.9817     4.9841     25.763     26.358    1477.05    1477.00     5.8983     5.8201    88.4960    87.2940  0.000e+00
      47447     26.500    15.3267    15.3329    1.09075    1.09101          1     3.0550     2.3026      66.24      0.451     0.9704     0.8897  4.805e-01  0.1910000     7.7475     7.7482     0.0008     0.0062  1005.1246  1005.1242     5.0025     5.0020     26.259     26.865    1476.62    1476.65     5.8190     5.6207    87.0720    84.1170  0.000e+00
      47473     27.000    14.8250    14.9525    1.07593    1.07977          1     3.0143     2.2292      65.74      0.449     0.9351     0.8676  4.308e-01  0.1817000     7.7313     7.7360     0.0047     0.1275  1005.1981  1005.1808     5.0734     5.0561     26.754     27.371    1474.89    1475.34     5.7832     5.4387    85.6080    80.7330  0.000e+00
      47497     27.500    13.2068    13.2658    1.03017    1.03197          1     2.9960     2.2044      65.32      0.483     0.8377     0.8425  3.907e-01  0.1648000     7.6916     7.6943     0.0026     0.0590  1005.4240  1005.4173     5.2961     5.2894     27.249     27.878    1469.16    1469.38     5.9521     5.5760    85.0660    79.7940  0.000e+00
      47521     28.000    11.7566    11.8089    0.98833    0.99054          1     2.9725     2.2043      64.75      0.506     0.6807     0.8299  3.489e-01  0.1457000     7.6423     7.6500     0.0077     0.0523  1005.5875  1005.5866     5.4565     5.4555     27.745     28.385    1463.80    1464.00     6.0971     5.7767    84.3450    80.0050  0.000e+00
      47546     28.500     9.5371     9.5652    0.93027    0.93137          1     2.9392     2.1987      64.16      0.484     0.4829     0.7214  3.165e-01  0.1366000     7.6069     7.6105     0.0037     0.0281  1005.8231  1005.8229     5.6882     5.6880     28.240     28.891    1455.28    1455.39     6.3425     6.0891    83.3850    80.1060  0.000e+00
      47573     29.000     8.6562     8.6609    0.90859    0.90901          1     2.9037     2.1847      63.67      0.455     0.3794    50.2177  2.870e-01  0.1120000     7.6013     7.6040     0.0027     0.0047  1005.9074  1005.9091     5.7695     5.7713     28.736     29.397    1451.78    1451.81     6.3830     6.1814    82.1960    79.6100  0.000e+00
      47599     29.500     8.0360     8.0432    0.89128    0.89179          1     2.8767     2.1702      63.16      0.456     0.3678   140.6698  2.519e-01  0.1615000     7.5774     7.5806     0.0032     0.0072  1005.9451  1005.9470     5.8044     5.8063     29.231     29.904    1449.25    1449.28     6.4081     6.2294    81.2940    79.0430  0.000e+00
      47624     30.000     7.4458     7.4328    0.87420    0.87390          1     2.8551     2.1593      62.59      0.469     0.3108    -0.1086  2.217e-01  0.0891000     7.5477     7.5478     0.0001    -0.0129  1005.9708  1005.9719     5.8273     5.8283     29.726     30.410    1446.79    1446.74     6.4453     6.2918    80.5940    78.6490  0.000e+00
      47649     30.500     6.8261     6.8214    0.85727    0.85718          1     2.8372     2.1552      62.10      0.482     0.3012     0.0784  1.987e-01  0.0958000     7.5242     7.5244     0.0002    -0.0047  1005.9987  1005.9991     5.8523     5.8528     30.222     30.916    1444.19    1444.17     6.4997     6.3817    80.0430    78.5800  0.000e+00
      47674     31.000     6.4487     6.4479    0.84796    0.84801          1     2.8229     2.1521      61.55      0.478     0.2880     0.0511  1.776e-01  0.1076000     7.5188     7.5194     0.0006    -0.0008  1006.0211  1006.0217     5.8720     5.8725     30.717     31.423    1442.59    1442.59     6.5230     6.4357    79.5840    78.5170  0.000e+00
      47702     31.500     6.3012     6.3004    0.84672    0.84671          1     2.8144     2.1504      60.99      0.447     0.2903     0.5223  1.560e-01  0.1088000     7.5395     7.5395     0.0001    -0.0008  1006.0487  1006.0488     5.8971     5.8972     31.213     31.929    1442.00    1442.00     6.5224     6.4544    79.2980    78.4700  0.000e+00
      47728     32.000     6.1854     6.1874    0.84545    0.84554          1     2.8140     2.1535      60.50      0.446     0.2674     0.7282  1.435e-01  0.1085000     7.5528     7.5533     0.0005     0.0019  1006.0684  1006.0687     5.9142     5.9145     31.708     32.435    1441.53    1441.54     6.5416     6.4868    79.3090    78.6490  0.000e+00
      47753     32.500     6.0977     6.1010    0.84496    0.84508          1     2.8147     2.1559      59.97      0.474     0.2773     0.7444  1.314e-01  0.1134000     7.5676     7.5680     0.0003     0.0033  1006.0875  1006.0876     5.9309     5.9310     32.203     32.942    1441.18    1441.20     6.5592     6.5112    79.3580    78.7840  0.000e+00
      47779     33.000     5.9866     5.9896    0.84341    0.84352          1     2.8163     2.1558      59.43      0.472     0.2689     0.7879  1.190e-01  0.1092000     7.5774     7.5777     0.0003     0.0029  1006.1038  1006.1039     5.9447     5.9448     32.699     33.448    1440.73    1440.74     6.5844     6.5310    79.4480    78.8100  0.000e+00
      47805     33.500     5.8830     5.8840    0.84232    0.84238          1     2.8089     2.1496      58.89      0.462     0.2595     0.5735  1.058e-01  0.1083000     7.5900     7.5904     0.0004     0.0010  1006.1218  1006.1220     5.9601     5.9604     33.194     33.954    1440.31    1440.31     6.5798     6.5254    79.1940    78.5410  0.000e+00
      47831     34.000     5.7106     5.7127    0.83948    0.83957          1     2.7944     2.1408      58.38      0.461     0.2468     0.9959  9.546e-02  0.1085000     7.6011     7.6015     0.0004     0.0021  1006.1420  1006.1422     5.9778     5.9780     33.690     34.460    1439.59    1439.60     6.5658     6.5213    78.6920    78.1630  0.000e+00
      47855     34.500     5.6651     5.6676    0.84089    0.84100          1     2.7866     2.1362      57.85      0.477     0.2336     0.8795  8.446e-02  0.1115000     7.6251     7.6256     0.0005     0.0025  1006.1657  1006.1659     5.9990     5.9993     34.185     34.967    1439.43    1439.44     6.5490     6.5107    78.4130    77.9590  0.000e+00
      47880     35.000     5.6717     5.6750    0.84352    0.84362          1     2.7888     2.1428      57.34      0.486     0.2304     0.8301  7.339e-02  0.1132000     7.6492     7.6494     0.0002     0.0033  1006.1867  1006.1867     6.0177     6.0177     34.680     35.473    1439.50    1439.51     6.5541     6.5351    78.5000    78.2790  0.000e+00
      47905     35.500     5.6818     5.6854    0.84611    0.84622          1     2.7946     2.1500      56.79      0.480     0.2351     0.8845  5.750e-02  0.1085000     7.6720     7.6723     0.0002     0.0036  1006.2067  1006.2067     6.0352     6.0353     35.176     35.979    1439.58    1439.59     6.5697     6.5615    78.7190    78.6270  0.000e+00
      47932     36.000     5.6712     5.6739    0.84764    0.84774          1     2.7977     2.1518      56.29      0.466     0.2414     0.8299  4.729e-02  0.1023000     7.6893     7.6897     0.0004     0.0028  1006.2233  1006.2234     6.0494     6.0496     35.671     36.485    1439.56    1439.57     6.5811     6.5704    78.8430    78.7200  0.000e+00
      47958     36.500     5.6547     5.6573    0.84862    0.84873          1     2.8049     2.1592      55.76      0.453     0.2342     0.8562  3.516e-02  0.1023000     7.7026     7.7031     0.0004     0.0026  1006.2370  1006.2373     6.0607     6.0610     36.167     36.991    1439.51    1439.53     6.6066     6.6026    79.1230    79.0800  0.000e+00
      47983     37.000     5.6325     5.6360    0.84981    0.84990          1     2.8138     2.1679      55.18      0.468     0.2159     0.9456  2.861e-02  0.1022000     7.7192     7.7193     0.0001     0.0035  1006.2536  1006.2535     6.0749     6.0748     36.662     37.498    1439.45    1439.46     6.6383     6.6412    79.4680    79.5080  0.000e+00
      48008     37.500     5.5919     5.5963    0.85081    0.85091          1     2.8171     2.1705      54.69      0.484     0.2037     0.9767  2.151e-02  0.1015000     7.7382     7.7382    -0.0000     0.0044  1006.2731  1006.2729     6.0919     6.0917     37.157     38.004    1439.30    1439.32     6.6559     6.6585    79.6060    79.6470  0.000e+00
      48033     38.000     5.5575     5.5603    0.85128    0.85135          1     2.8115     2.1654      54.15      0.480     0.1950     0.7739  1.216e-02  0.1024000     7.7507     7.7508     0.0001     0.0028  1006.2871  1006.2870     6.1035     6.1034     37.653     38.510    1439.18    1439.19     6.6446     6.6448    79.4090    79.4170  0.000e+00
      48060     38.500     5.5839     5.5856    0.85383    0.85384          1     2.7983     2.1524      53.62      0.457     0.1943     0.8310  7.737e-03  0.1043000     7.7695     7.7692    -0.0003     0.0017  1006.3031  1006.3027     6.1171     6.1167     38.148     39.016    1439.32    1439.33     6.5977     6.5876    78.9110    78.7940  0.000e+00
      48087     39.000     5.5498     5.5539    0.85472    0.85484          1     2.7762     2.1303      53.10      0.439     0.2059     0.8014  6.782e-03  0.1125000     7.7861     7.7862     0.0001     0.0041  1006.3202  1006.3201     6.1318     6.1317     38.643     39.522    1439.20    1439.22     6.5341     6.5045    78.0920    77.7470  0.000e+00
      48112     39.500     5.4903     5.4938    0.85552    0.85562          1     2.7538     2.1127      52.61      0.461     0.1936     0.9018  2.549e-03  0.1025000     7.8077     7.8078     0.0001     0.0035  1006.3426  1006.3425     6.1517     6.1516     39.139     40.028    1438.98    1439.00     6.4738     6.4443    77.2670    76.9220  0.000e+00
      48137     40.000     5.4538     5.4580    0.85749    0.85756          1     2.7464     2.1113      52.09      0.484     0.1811     0.6504  5.850e-04  0.1140000     7.8354     7.8351    -0.0003     0.0042  1006.3687  1006.3683     6.1753     6.1749     39.634     40.535    1438.87    1438.88     6.4563     6.4444    77.0010    76.8680  0.000e+00
      48163     40.500     5.4944     5.4967    0.86196    0.86191          1     2.7460     2.1114      51.55      0.477     0.1826     0.7360  1.742e-04  0.1204000     7.8697     7.8687    -0.0010     0.0023  1006.3962  1006.3953     6.2005     6.1996     40.130     41.041    1439.09    1439.10     6.4466     6.4370    76.9820    76.8710  0.000e+00
      48189     41.000     5.6119     5.6168    0.86863    0.86873          1     2.7399     2.1036      50.96      0.461     0.1716     0.7107  1.695e-04  0.1152000     7.9076     7.9073    -0.0002     0.0049  1006.4227  1006.4222     6.2246     6.2242     40.625     41.547    1439.66    1439.68     6.4052     6.3831    76.7320    76.4770  0.000e+00
      48215     41.500     5.5573     5.5611    0.86946    0.86948          1     2.7293     2.0982      50.48      0.460     0.1808     0.6508  2.069e-04  0.1242000     7.9284     7.9278    -0.0006     0.0038  1006.4443  1006.4436     6.2438     6.2431     41.120     42.053    1439.46    1439.47     6.3812     6.3708    76.3510    76.2340  0.000e+00
      48240     42.000     5.5149     5.5178    0.87079    0.87075          1     2.7182     2.0912      49.94      0.469     0.1821     0.8363  2.121e-04  0.1072000     7.9515     7.9503    -0.0011     0.0029  1006.4670  1006.4660     6.2641     6.2631     41.616     42.559    1439.31    1439.32     6.3532     6.3501    75.9470    75.9150  0.000e+00
      48265     42.500     5.7709     5.7636    0.88521    0.88464          1     2.7037     2.0798      49.40      0.482     0.1729     0.8186  1.906e-04  0.1058000     8.0316     8.0278    -0.0039    -0.0073  1006.5193  1006.5166     6.3143     6.3116     42.111     43.065    1440.53    1440.49     6.2603     6.2586    75.3560    75.3190  0.000e+00
      48290     43.000     6.1080     6.1099    0.90334    0.90318          1     2.6891     2.0680      48.87      0.484     0.1702     0.8628  1.612e-04  0.1005000     8.1275     8.1255    -0.0020     0.0019  1006.5786  1006.5769     6.3716     6.3699     42.607     43.571    1442.10    1442.11     6.1536     6.1485    74.7450    74.6860  0.000e+00
      48315     43.500     6.1625     6.1666    0.90885    0.90892          1     2.6752     2.0569      48.35      0.479     0.1693     1.0658  1.550e-04  0.1122000     8.1677     8.1675    -0.0003     0.0041  1006.6094  1006.6090     6.4001     6.3996     43.102     44.077    1442.39    1442.41     6.1001     6.0942    74.2150    74.1510  0.000e+00
      48341     44.000     6.1813     6.1850    0.91216    0.91212          1     2.6607     2.0453      47.83      0.468     0.1709     1.1576  1.876e-04  0.1154000     8.1952     8.1940    -0.0012     0.0037  1006.6323  1006.6311     6.4206     6.4194     43.597     44.583    1442.51    1442.53     6.0515     6.0448    73.6720    73.5970  0.000e+00
      48368     44.500     6.2038     6.2070    0.91766    0.91748          1     2.6473     2.0355      47.32      0.453     0.1657     0.9779  1.640e-04  0.1019000     8.2428     8.2403    -0.0025     0.0032  1006.6709  1006.6687     6.4568     6.4547     44.093     45.089    1442.68    1442.69     6.0051     6.0012    73.1700    73.1270  0.000e+00
      48393     45.000     6.2221     6.2261    0.92257    0.92257          1     2.6364     2.0275      46.78      0.462     0.1591     0.8568  2.150e-04  0.0985000     8.2858     8.2849    -0.0009     0.0040  1006.7060  1006.7050     6.4896     6.4886     44.588     45.595    1442.82    1442.84     5.9672     5.9654    72.7630    72.7480  0.000e+00
      48419     45.500     6.2129     6.2168    0.92674    0.92670          1     2.6243     2.0180      46.26      0.471     0.1591     0.9272  2.150e-04  0.0954000     8.3284     8.3270    -0.0014     0.0039  1006.7425  1006.7411     6.5237     6.5223     45.083     46.101    1442.84    1442.86     5.9301     5.9284    72.3140    72.2990  0.000e+00
      48445     46.000     6.2397     6.2421    0.93377    0.93348          1     2.6079     2.0043      45.72      0.466     0.1586     0.9301  1.718e-04  0.0956000     8.3897     8.3863    -0.0034     0.0024  1006.7915  1006.7887     6.5703     6.5675     45.579     46.607    1443.04    1443.05     5.8730     5.8688    71.6950    71.6450  0.000e+00
