file_explorer/tests/test_data/local/cnv/SBE09_1387_20220823_1041_77SE_14_0600.cnv
* Sea-Bird SBE 9 Data File:
* FileName = L:\nytt_ctd_format\2022\SBE09_1387_20220823_1040_77SE_14_0600.hex
* Software Version Seasave V 7.26.7.121
* Temperature SN = 5351
* Conductivity SN = 3941
* Number of Bytes Per Scan = 41
* Number of Voltage Words = 4
* Number of Scans Averaged by the Deck Unit = 1
* NMEA Latitude = 58 38.47 N
* NMEA Longitude = 010 51.70 E
* NMEA UTC (Time) = Aug 23 2022  10:41:43
* NMEA baud rate = 4800
** Station: 2 SSE Persgrund
** Operator: MHan
** Ship: 77SE Svea
** Average sound velocity: 1505.00 m/s
** True-depth calculation Tue, 20 Sep 2022 06:58:51 +0000
** Cruise: 77SE-2022-14
** Latitud [GG MM.mm N]:
** Longitude [GG MM.mm E]:
** Pumps: PrimaryPump: 6060 # SecondaryPump: 6061
** EventIDs: EventID:  # ParentEventID:
** Additional Sampling:
** Metadata admin: MPROG: NATL # PROJ: IBT # ORDERER: SLU, HAV, SMHI # SLABO: SMHI # ALABO: SMHI # REFSK: HC-B-B8, HC-C-C2, OM7
** Metadata conditions: WADEP: 77 # WINDIR: 07 # WINSP: 3 # AIRTEMP: 19.0 # AIRPRES: 1024 # WEATH: 1 # CLOUD: 3 # WAVES: 2 # ICEOB: 0 # COMNT_VISIT:
** LIMS Job: 20227710-0600
# nquan = 32
# nvalues = 157
# units = specified
# name 0 = scan: Scan Count
# name 1 = prDM: Pressure, Digiquartz [db]
# name 2 = t090C: Temperature [ITS-90, deg C]
# name 3 = t190C: Temperature, 2 [ITS-90, deg C]
# name 4 = c0S/m: Conductivity [S/m]
# name 5 = c1S/m: Conductivity, 2 [S/m]
# name 6 = pumps: Pump Status
# name 7 = sbeox0V: Oxygen raw, SBE 43 [V]
# name 8 = sbeox1V: Oxygen raw, SBE 43, 2 [V]
# name 9 = altM: Altimeter [m]
# name 10 = dz/dtM: Descent Rate [m/s]
# name 11 = flECO-AFL: Chl-a Fluorescence, WET Labs ECO-AFL/FL [mg/m^3]
# name 12 = flECO-AFL1: Phycocyanin Fluorescence, WET Labs ECO-AFL/FL, 2 [mg/m^3]
# name 13 = par: PAR/Irradiance, Biospherical/Licor [µE/(cm^2*s)]
# name 14 = turbWETntu0: Turbidity, WET Labs ECO [NTU]
# name 15 = sal00: Salinity, Practical [PSU]
# name 16 = sal11: Salinity, Practical, 2 [PSU]
# name 17 = secS-priS: Salinity, Practical, Difference, 2 - 1 [PSU]
# name 18 = T2-T190C: Temperature Difference, 2 - 1 [ITS-90, deg C]
# name 19 = density00: Density [density, kg/m^3]
# name 20 = density11: Density, 2 [density, kg/m^3]
# name 21 = sigma-t00: Density [sigma-t, kg/m^3 ]
# name 22 = sigma-t11: Density, 2 [sigma-t, kg/m^3 ]
# name 23 = depSM: Depth [salt water, m], lat = 58.6412
# name 24 = depFM: Depth [true depth, m], lat = 58.6412
# name 25 = svCM: Sound Velocity [Chen-Millero, m/s]
# name 26 = svCM1: Sound Velocity, 2 [Chen-Millero, m/s]
# name 27 = sbeox0ML/L: Oxygen, SBE 43 [ml/l], WS = 2
# name 28 = sbeox1ML/L: Oxygen, SBE 43, 2 [ml/l], WS = 2
# name 29 = sbeox0PS: Oxygen, SBE 43 [% saturation], WS = 2
# name 30 = sbeox1PS: Oxygen, SBE 43, 2 [% saturation], WS = 2
# name 31 = flag: flag
# span 0 =       5247,      10765
# span 1 =      0.500,     78.500
# span 2 =    11.2407,    18.7522
# span 3 =    11.2437,    18.7546
# span 4 =   3.555722,   4.276668
# span 5 =   3.556325,   4.277543
# span 6 =          1,          1
# span 7 =     2.8600,     3.4433
# span 8 =     2.2022,     2.6693
# span 9 =       1.07,      78.93
# span 10 =     -0.260,      0.492
# span 11 =     0.1307,     1.6128
# span 12 =    -0.2327,     0.9480
# span 13 = 2.2359e-04, 3.2195e+03
# span 14 =     0.0722,     1.8526
# span 15 =    25.8696,    34.8219
# span 16 =    25.8737,    34.8264
# span 17 =    -0.2070,     0.0225
# span 18 =    -0.0212,     0.0476
# span 19 =  1018.1255,  1026.8659
# span 20 =  1018.1280,  1026.8688
# span 21 =    18.1189,    26.5126
# span 22 =    18.1214,    26.5155
# span 23 =      0.495,     77.754
# span 24 =      0.500,     78.055
# span 25 =    1495.17,    1513.07
# span 26 =    1495.18,    1513.09
# span 27 =     4.9733,     5.6794
# span 28 =     4.9571,     5.6654
# span 29 =     80.735,    101.055
# span 30 =     80.501,    100.683
# span 31 = 0.0000e+00, 0.0000e+00
# interval = decibars: 0.5
# start_time = Aug 23 2022 10:41:43 [NMEA time, first data scan]
# bad_flag = -9.990e-29
*END*
[from data line 46]
       7082     23.500    16.1418    16.1894    4.16907    4.17197          1     3.4207     2.6469      55.70      0.436     1.5134     0.6895  3.031e+01  0.1369000    32.9062    32.8924    -0.0137     0.0476  1024.2096  1024.1883    24.1055    24.0841     23.280     23.436    1508.20    1508.33     5.6656     5.6370   100.4980   100.0750  0.000e+00
       7108     24.000    15.9939    16.0007    4.16205    4.16305          1     3.4200     2.6484      55.19      0.451     1.5182     0.8923  2.865e+01  0.1334000    32.9667    32.9700     0.0032     0.0068  1024.2919  1024.2928    24.1855    24.1864     23.775     23.933    1507.82    1507.85     5.6794     5.6610   100.4880   100.1780  0.000e+00
       7134     24.500    15.9864    15.9914    4.16170    4.16266          1     3.4181     2.6496      54.75      0.465     1.5875     0.8946  2.684e+01  0.1317000    32.9696    32.9740     0.0044     0.0049  1024.2980  1024.3003    24.1894    24.1916     24.270     24.430    1507.81    1507.83     5.6765     5.6654   100.4240   100.2390  0.000e+00
       7160     25.000    15.9824    15.9867    4.16190    4.16279          1     3.4163     2.6476      54.24      0.459     1.6128     0.8493  2.490e+01  0.1273000    32.9746    32.9789     0.0042     0.0043  1024.3050  1024.3072    24.1941    24.1964     24.765     24.928    1507.81    1507.83     5.6733     5.6609   100.3630   100.1550  0.000e+00
       7187     25.500    15.9666    15.9735    4.16349    4.16403          1     3.4067     2.6348      53.85      0.447     1.6103     0.8012  2.344e+01  0.1257000    33.0016    33.0007    -0.0009     0.0068  1024.3315  1024.3292    24.2184    24.2162     25.261     25.425    1507.80    1507.83     5.6546     5.6283   100.0180    99.5640  0.000e+00
       7215     26.000    15.8921    15.9094    4.16589    4.16673          1     3.3942     2.6270      53.34      0.438     1.6033     0.6697  2.203e+01  0.1227000    33.0849    33.0779    -0.0070     0.0173  1024.4145  1024.4052    24.2992    24.2899     25.756     25.922    1507.68    1507.72     5.6344     5.6130    99.5650    99.2160  0.000e+00
       7243     26.500    15.7907    15.8011    4.16312    4.16445          1     3.3862     2.6207      52.82      0.427     1.5195     0.7391  2.061e+01  0.1232000    33.1450    33.1480     0.0030     0.0105  1024.4857  1024.4856    24.3681    24.3681     26.251     26.419    1507.44    1507.48     5.6276     5.6069    99.2830    98.9400  0.000e+00
       7269     27.000    15.7629    15.7694    4.16218    4.16313          1     3.3774     2.6136      52.30      0.445     1.5091     0.5640  1.939e+01  0.1163000    33.1597    33.1628     0.0030     0.0065  1024.5055  1024.5063    24.3857    24.3866     26.747     26.916    1507.38    1507.40     5.6123     5.5919    98.9680    98.6210  0.000e+00
       7294     27.500    15.7251    15.7331    4.16218    4.16309          1     3.3726     2.6098      51.85      0.477     1.5282     0.5644  1.827e+01  0.1227000    33.1913    33.1926     0.0014     0.0080  1024.5404  1024.5397    24.4184    24.4176     27.242     27.414    1507.30    1507.33     5.6058     5.5854    98.7970    98.4540  0.000e+00
       7319     28.000    15.7349    15.7334    4.16524    4.16538          1     3.3724     2.6127      51.36      0.483     1.5434     0.8810  1.705e+01  0.1311000    33.2101    33.2126     0.0025    -0.0014  1024.5549  1024.5571    24.4307    24.4329     27.737     27.911    1507.37    1507.36     5.6040     5.5926    98.7970    98.5950  0.000e+00
       7347     28.500    15.7550    15.7571    4.17361    4.17370          1     3.3693     2.6109      50.85      0.439     1.5328     0.8223  1.599e+01  0.1149000    33.2675    33.2665    -0.0010     0.0020  1024.5968  1024.5956    24.4703    24.4691     28.232     28.408    1507.50    1507.51     5.5936     5.5837    98.6870    98.5160  0.000e+00
       7376     29.000    15.7354    15.7412    4.18070    4.18095          1     3.3620     2.6074      50.38      0.412     1.3277     0.5869  1.503e+01  0.1161000    33.3470    33.3443    -0.0027     0.0059  1024.6645  1024.6611    24.5359    24.5324     28.728     28.905    1507.54    1507.56     5.5781     5.5738    98.4230    98.3570  0.000e+00
       7403     29.500    15.7473    15.7490    4.19041    4.19031          1     3.3560     2.6011      49.79      0.440     1.1828     0.4250  1.408e+01  0.1200000    33.4232    33.4208    -0.0024     0.0017  1024.7227  1024.7204    24.5918    24.5896     29.223     29.402    1507.68    1507.68     5.5620     5.5541    98.2080    98.0700  0.000e+00
       7428     30.000    15.7373    15.7424    4.19404    4.19459          1     3.3451     2.5875      49.38      0.466     1.1202     0.4481  1.322e+01  0.1131000    33.4639    33.4645     0.0006     0.0051  1024.7584  1024.7577    24.6253    24.6247     29.718     29.899    1507.70    1507.72     5.5393     5.5177    97.8130    97.4410  0.000e+00
       7455     30.500    15.7062    15.7143    4.19440    4.19561          1     3.3323     2.5764      48.79      0.457     1.0961     0.5493  1.243e+01  0.1029000    33.4933    33.4971     0.0038     0.0082  1024.7902  1024.7913    24.6549    24.6560     30.214     30.396    1507.65    1507.68     5.5153     5.4907    97.3470    96.9300  0.000e+00
       7482     31.000    15.5885    15.6191    4.18152    4.18491          1     3.3282     2.5742      48.28      0.440     1.0702     0.2935  1.168e+01  0.1029000    33.4779    33.4822     0.0043     0.0306  1024.8068  1024.8034    24.6693    24.6658     30.709     30.893    1507.27    1507.37     5.5210     5.4968    97.2110    96.8460  0.000e+00
       7508     31.500    15.3778    15.3949    4.16508    4.16608          1     3.3336     2.5794      47.80      0.455     1.0486     0.1031  1.099e+01  0.1027000    33.5098    33.5042    -0.0056     0.0171  1024.8804  1024.8723    24.7406    24.7324     31.204     31.390    1506.65    1506.70     5.5554     5.5365    97.4290    97.1280  0.000e+00
       7533     32.000    15.4043    15.4031    4.17829    4.17785          1     3.3384     2.5832      47.35      0.475     1.0271     0.1179  1.038e+01  0.1026000    33.6057    33.6028    -0.0029    -0.0012  1024.9505  1024.9486    24.8085    24.8065     31.699     31.887    1506.86    1506.85     5.5595     5.5426    97.6110    97.3090  0.000e+00
       7560     32.500    15.4545    15.4525    4.19445    4.19409          1     3.3464     2.5883      46.92      0.461     1.0478    -0.0343  9.788e+00  0.0908000    33.7076    33.7060    -0.0016    -0.0020  1025.0201  1025.0193    24.8759    24.8751     32.195     32.384    1507.14    1507.13     5.5676     5.5473    97.9100    97.5490  0.000e+00
       7589     33.000    15.4646    15.4700    4.19981    4.20057          1     3.3626     2.6055      46.30      0.423     0.9881     0.1513  9.163e+00  0.0905000    33.7469    33.7492     0.0022     0.0053  1025.0503  1025.0509    24.9039    24.9044     32.690     32.881    1507.23    1507.24     5.5995     5.5899    98.5150    98.3580  0.000e+00
       7617     33.500    15.4068    15.4194    4.19896    4.19988          1     3.3763     2.6200      45.85      0.416     0.9684    -0.0801  8.596e+00  0.0902000    33.7887    33.7861    -0.0026     0.0126  1025.0975  1025.0928    24.9489    24.9441     33.185     33.378    1507.10    1507.14     5.6339     5.6336    99.0330    99.0500  0.000e+00
       7642     34.000    15.4965    15.4886    4.21753    4.21680          1     3.3825     2.6267      45.37      0.457     0.8380    -0.0373  8.164e+00  0.0842000    33.8782    33.8784     0.0002    -0.0078  1025.1487  1025.1506    24.9979    24.9998     33.680     33.875    1507.49    1507.47     5.6338     5.6404    99.2620    99.3620  0.000e+00
       7667     34.500    15.6018    15.5853    4.23642    4.23432          1     3.3827     2.6270      44.87      0.488     0.7879    -0.1210  7.727e+00  0.0787000    33.9565    33.9520    -0.0046    -0.0165  1025.1876  1025.1878    25.0347    25.0349     34.176     34.371    1507.92    1507.87     5.6198     5.6274    99.2670    99.3670  0.000e+00
       7693     35.000    15.7164    15.7173    4.26222    4.26240          1     3.3694     2.6121      44.36      0.477     0.7016    -0.0637  7.251e+00  0.0783000    34.0885    34.0893     0.0009     0.0009  1025.2657  1025.2661    25.1106    25.1110     34.671     34.868    1508.44    1508.44     5.5746     5.5679    98.7710    98.6550  0.000e+00
       7721     35.500    15.7397    15.7415    4.26742    4.26810          1     3.3446     2.5834      43.86      0.433     0.6558    -0.0709  6.838e+00  0.0728000    34.1147    34.1192     0.0046     0.0017  1025.2828  1025.2859    25.1255    25.1286     35.166     35.365    1508.55    1508.56     5.5197     5.4886    97.8600    97.3150  0.000e+00
       7749     36.000    15.6003    15.6375    4.25431    4.25809          1     3.3259     2.5656      43.34      0.417     0.6290    -0.0872  6.515e+00  0.0722000    34.1177    34.1193     0.0017     0.0372  1025.3186  1025.3116    25.1590    25.1520     35.661     35.862    1508.13    1508.25     5.4966     5.4539    97.1860    96.5010  0.000e+00
       7776     36.500    15.2385    15.2722    4.21887    4.22255          1     3.3121     2.5565      42.91      0.443     0.6293    -0.0618  6.198e+00  0.0840000    34.1127    34.1165     0.0038     0.0337  1025.3975  1025.3930    25.2355    25.2310     36.157     36.359    1507.00    1507.11     5.5090     5.4726    96.7080    96.1360  0.000e+00
       7800     37.000    15.1541    15.1608    4.21102    4.21223          1     3.2974     2.5455      42.41      0.475     0.6502    -0.1006  5.890e+00  0.1003000    34.1150    34.1201     0.0051     0.0066  1025.4201  1025.4226    25.2559    25.2584     36.652     36.855    1506.74    1506.77     5.4878     5.4563    96.1750    95.6390  0.000e+00
       7826     37.500    15.1281    15.1320    4.20877    4.20970          1     3.2799     2.5293      41.90      0.480     0.6496    -0.2327  5.601e+00  0.0977000    34.1172    34.1221     0.0049     0.0040  1025.4298  1025.4327    25.2633    25.2662     37.147     37.352    1506.67    1506.69     5.4540     5.4167    95.5340    94.8920  0.000e+00
       7854     38.000    15.0351    15.0747    4.20177    4.20521          1     3.2589     2.5107      41.38      0.448     0.6316    -0.1678  5.324e+00  0.0915000    34.1346    34.1312    -0.0034     0.0396  1025.4658  1025.4545    25.2971    25.2858     37.642     37.849    1506.41    1506.53     5.4196     5.3734    94.7680    94.0300  0.000e+00
       7882     38.500    14.9176    14.9295    4.19237    4.19416          1     3.2394     2.4934      40.91      0.425     0.5981    -0.1597  5.074e+00  0.1056000    34.1517    34.1576     0.0059     0.0119  1025.5069  1025.5089    25.3359    25.3378     38.138     38.345    1506.06    1506.11     5.3913     5.3433    94.0620    93.2500  0.000e+00
       7908     39.000    14.8212    14.8353    4.18326    4.18512          1     3.2240     2.4825      40.40      0.446     0.6111    -0.0559  4.809e+00  0.1039000    34.1530    34.1577     0.0047     0.0141  1025.5312  1025.5317    25.3578    25.3584     38.633     38.842    1505.77    1505.82     5.3696     5.3251    93.5040    92.7580  0.000e+00
       7933     39.500    14.7753    14.7869    4.17901    4.18071          1     3.2126     2.4754      39.95      0.474     0.6222     0.0121  4.549e+00  0.1073000    34.1543    34.1596     0.0053     0.0117  1025.5444  1025.5459    25.3688    25.3703     39.128     39.339    1505.63    1505.67     5.3509     5.3118    93.0930    92.4370  0.000e+00
       7958     40.000    14.7183    14.7214    4.17326    4.17403          1     3.1998     2.4674      39.45      0.477     0.6377    -0.0456  4.315e+00  0.1050000    34.1516    34.1560     0.0044     0.0030  1025.5568  1025.5595    25.3789    25.3817     39.623     39.835    1505.45    1505.47     5.3303     5.2979    92.6280    92.0740  0.000e+00
       7986     40.500    14.6884    14.6888    4.17025    4.17080          1     3.1826     2.4554      38.93      0.449     0.6541    -0.0354  4.112e+00  0.1194000    34.1501    34.1548     0.0047     0.0004  1025.5643  1025.5679    25.3843    25.3878     40.119     40.332    1505.36    1505.37     5.2973     5.2698    91.9980    91.5240  0.000e+00
       8013     41.000    14.6438    14.6491    4.16558    4.16662          1     3.1671     2.4426      38.42      0.431     0.6553     0.0224  3.909e+00  0.1189000    34.1464    34.1513     0.0049     0.0053  1025.5733  1025.5760    25.3910    25.3937     40.614     40.829    1505.23    1505.25     5.2695     5.2401    91.4320    90.9340  0.000e+00
       8040     41.500    14.5504    14.5617    4.15639    4.15796          1     3.1551     2.4311      37.92      0.447     0.6681    -0.0841  3.701e+00  0.1226000    34.1440    34.1486     0.0045     0.0113  1025.5938  1025.5949    25.4092    25.4103     41.109     41.325    1504.93    1504.97     5.2547     5.2192    91.0030    90.4110  0.000e+00
       8065     42.000    14.4857    14.4895    4.15358    4.15420          1     3.1439     2.4214      37.45      0.466     0.6899    -0.1477  3.505e+00  0.1311000    34.1751    34.1775     0.0024     0.0038  1025.6339  1025.6349    25.4470    25.4480     41.604     41.822    1504.77    1504.79     5.2371     5.2005    90.5980    89.9730  0.000e+00
       8091     42.500    14.4361    14.4406    4.15198    4.15289          1     3.1324     2.4148      36.95      0.471     0.7072    -0.1482  3.326e+00  0.1269000    34.2041    34.2085     0.0044     0.0045  1025.6691  1025.6715    25.4799    25.4824     42.100     42.319    1504.65    1504.67     5.2172     5.1874    90.1790    89.6750  0.000e+00
       8118     43.000    14.3545    14.3606    4.14500    4.14614          1     3.1238     2.4101      36.46      0.457     0.7045    -0.1477  3.162e+00  0.1306000    34.2118    34.2169     0.0051     0.0061  1025.6947  1025.6973    25.5033    25.5059     42.595     42.815    1504.41    1504.43     5.2078     5.1837    89.8740    89.4710  0.000e+00
       8145     43.500    14.3062    14.3085    4.14093    4.14156          1     3.1158     2.4040      35.96      0.442     0.7062    -0.1797  3.003e+00  0.1298000    34.2167    34.2205     0.0038     0.0023  1025.7110  1025.7134    25.5173    25.5197     43.090     43.312    1504.27    1504.28     5.1961     5.1731    89.5880    89.1980  0.000e+00
       8172     44.000    14.2918    14.2981    4.14110    4.14223          1     3.1073     2.3981      35.49      0.437     0.7262    -0.0160  2.848e+00  0.1208000    34.2308    34.2357     0.0049     0.0063  1025.7271  1025.7296    25.5313    25.5337     43.585     43.808    1504.24    1504.27     5.1792     5.1581    89.2790    88.9280  0.000e+00
       8199     44.500    14.2141    14.2209    4.13510    4.13617          1     3.0987     2.3902      34.95      0.447     0.7422     0.1480  2.701e+00  0.1117000    34.2440    34.2479     0.0039     0.0067  1025.7560  1025.7577    25.5579    25.5595     44.081     44.305    1504.02    1504.04     5.1691     5.1451    88.9720    88.5730  0.000e+00
       8224     45.000    14.1960    14.1998    4.13474    4.13554          1     3.0949     2.3851      34.46      0.469     0.7652     0.0618  2.567e+00  0.1052000    34.2566    34.2607     0.0041     0.0037  1025.7718  1025.7742    25.5714    25.5738     44.576     44.802    1503.98    1504.00     5.1627     5.1335    88.8360    88.3430  0.000e+00
