file_explorer/tests/test_data/local/cnv/SBE09_1387_20220823_1041_77SE_14_0600.cnv
* Sea-Bird SBE 9 Data File:
* FileName = L:\nytt_ctd_format\2022\SBE09_1387_20220823_1040_77SE_14_0600.hex
* Software Version Seasave V 7.26.7.121
* Temperature SN = 5351
* Conductivity SN = 3941
* Number of Bytes Per Scan = 41
* Number of Voltage Words = 4
* Number of Scans Averaged by the Deck Unit = 1
* NMEA Latitude = 58 38.47 N
* NMEA Longitude = 010 51.70 E
* NMEA UTC (Time) = Aug 23 2022  10:41:43
* NMEA baud rate = 4800
** Station: 2 SSE Persgrund
** Operator: MHan
** Ship: 77SE Svea
** Average sound velocity: 1505.00 m/s
** True-depth calculation Tue, 20 Sep 2022 06:58:51 +0000
** Cruise: 77SE-2022-14
** Latitud [GG MM.mm N]:
** Longitude [GG MM.mm E]:
** Pumps: PrimaryPump: 6060 # SecondaryPump: 6061
** EventIDs: EventID:  # ParentEventID:
** Additional Sampling:
** Metadata admin: MPROG: NATL # PROJ: IBT # ORDERER: SLU, HAV, SMHI # SLABO: SMHI # ALABO: SMHI # REFSK: HC-B-B8, HC-C-C2, OM7
** Metadata conditions: WADEP: 77 # WINDIR: 07 # WINSP: 3 # AIRTEMP: 19.0 # AIRPRES: 1024 # WEATH: 1 # CLOUD: 3 # WAVES: 2 # ICEOB: 0 # COMNT_VISIT:
** LIMS Job: 20227710-0600
# nquan = 32
# nvalues = 157
# units = specified
# name 0 = scan: Scan Count
# name 1 = prDM: Pressure, Digiquartz [db]
# name 2 = t090C: Temperature [ITS-90, deg C]
# name 3 = t190C: Temperature, 2 [ITS-90, deg C]
# name 4 = c0S/m: Conductivity [S/m]
# name 5 = c1S/m: Conductivity, 2 [S/m]
# name 6 = pumps: Pump Status
# name 7 = sbeox0V: Oxygen raw, SBE 43 [V]
# name 8 = sbeox1V: Oxygen raw, SBE 43, 2 [V]
# name 9 = altM: Altimeter [m]
# name 10 = dz/dtM: Descent Rate [m/s]
# name 11 = flECO-AFL: Chl-a Fluorescence, WET Labs ECO-AFL/FL [mg/m^3]
# name 12 = flECO-AFL1: Phycocyanin Fluorescence, WET Labs ECO-AFL/FL, 2 [mg/m^3]
# name 13 = par: PAR/Irradiance, Biospherical/Licor [µE/(cm^2*s)]
# name 14 = turbWETntu0: Turbidity, WET Labs ECO [NTU]
# name 15 = sal00: Salinity, Practical [PSU]
# name 16 = sal11: Salinity, Practical, 2 [PSU]
# name 17 = secS-priS: Salinity, Practical, Difference, 2 - 1 [PSU]
# name 18 = T2-T190C: Temperature Difference, 2 - 1 [ITS-90, deg C]
# name 19 = density00: Density [density, kg/m^3]
# name 20 = density11: Density, 2 [density, kg/m^3]
# name 21 = sigma-t00: Density [sigma-t, kg/m^3 ]
# name 22 = sigma-t11: Density, 2 [sigma-t, kg/m^3 ]
# name 23 = depSM: Depth [salt water, m], lat = 58.6412
# name 24 = depFM: Depth [true depth, m], lat = 58.6412
# name 25 = svCM: Sound Velocity [Chen-Millero, m/s]
# name 26 = svCM1: Sound Velocity, 2 [Chen-Millero, m/s]
# name 27 = sbeox0ML/L: Oxygen, SBE 43 [ml/l], WS = 2
# name 28 = sbeox1ML/L: Oxygen, SBE 43, 2 [ml/l], WS = 2
# name 29 = sbeox0PS: Oxygen, SBE 43 [% saturation], WS = 2
# name 30 = sbeox1PS: Oxygen, SBE 43, 2 [% saturation], WS = 2
# name 31 = flag: flag
# span 0 =       5247,      10765
# span 1 =      0.500,     78.500
# span 2 =    11.2407,    18.7522
# span 3 =    11.2437,    18.7546
# span 4 =   3.555722,   4.276668
# span 5 =   3.556325,   4.277543
# span 6 =          1,          1
# span 7 =     2.8600,     3.4433
# span 8 =     2.2022,     2.6693
# span 9 =       1.07,      78.93
# span 10 =     -0.260,      0.492
# span 11 =     0.1307,     1.6128
# span 12 =    -0.2327,     0.9480
# span 13 = 2.2359e-04, 3.2195e+03
# span 14 =     0.0722,     1.8526
# span 15 =    25.8696,    34.8219
# span 16 =    25.8737,    34.8264
# span 17 =    -0.2070,     0.0225
# span 18 =    -0.0212,     0.0476
# span 19 =  1018.1255,  1026.8659
# span 20 =  1018.1280,  1026.8688
# span 21 =    18.1189,    26.5126
# span 22 =    18.1214,    26.5155
# span 23 =      0.495,     77.754
# span 24 =      0.500,     78.055
# span 25 =    1495.17,    1513.07
# span 26 =    1495.18,    1513.09
# span 27 =     4.9733,     5.6794
# span 28 =     4.9571,     5.6654
# span 29 =     80.735,    101.055
# span 30 =     80.501,    100.683
# span 31 = 0.0000e+00, 0.0000e+00
# interval = decibars: 0.5
# start_time = Aug 23 2022 10:41:43 [NMEA time, first data scan]
# bad_flag = -9.990e-29
*END*
       5247      0.500    18.7502    18.7521    3.55893    3.55970          1     3.4260     2.6685      78.93     -0.260     0.3722     0.1450  3.220e+03  0.1337000    25.8867    25.8918     0.0051     0.0018  1018.1332  1018.1366    18.1309    18.1344      0.495      0.500    1507.70    1507.71     5.6061     5.6167   100.2530   100.4490  0.000e+00
       5786      1.000    18.7522    18.7546    3.55764    3.55840          1     3.4287     2.6683      78.37      0.045     0.3765     0.4593  2.912e+03  0.1466000    25.8750    25.8796     0.0046     0.0024  1018.1260  1018.1289    18.1215    18.1244      0.991      1.000    1507.70    1507.72     5.6122     5.6168   100.3580   100.4480  0.000e+00
       5909      1.500    18.7474    18.7501    3.55667    3.55739          1     3.4270     2.6693      77.97      0.298     0.3928     0.4077  1.688e+03  0.1558000    25.8700    25.8741     0.0042     0.0027  1018.1255  1018.1280    18.1189    18.1214      1.486      1.501    1507.69    1507.70     5.6096     5.6203   100.3000   100.4980  0.000e+00
       5935      2.000    18.7445    18.7471    3.55656    3.55727          1     3.4278     2.6683      77.37      0.492     0.4149     0.4708  7.944e+02  0.1525000    25.8707    25.8749     0.0042     0.0026  1018.1290  1018.1316    18.1201    18.1227      1.981      2.001    1507.69    1507.71     5.6119     5.6184   100.3350   100.4580  0.000e+00
       5962      2.500    18.7412    18.7434    3.55624    3.55686          1     3.4285     2.6666      77.17      0.475     0.4541     0.4314  7.743e+02  0.1564000    25.8701    25.8737     0.0037     0.0022  1018.1315  1018.1338    18.1204    18.1227      2.477      2.501    1507.69    1507.70     5.6141     5.6149   100.3680   100.3880  0.000e+00
       5991      3.000    18.7419    18.7434    3.55629    3.55687          1     3.4278     2.6653      76.37      0.429     0.4787     0.5080  7.346e+02  0.1512000    25.8700    25.8737     0.0037     0.0015  1018.1335  1018.1359    18.1202    18.1226      2.972      3.001    1507.70    1507.71     5.6130     5.6118   100.3490   100.3340  0.000e+00
       6020      3.500    18.7298    18.7320    3.55572    3.55633          1     3.4276     2.6634      76.11      0.402     0.5191     0.4998  5.745e+02  0.1536000    25.8728    25.8763     0.0035     0.0022  1018.1408  1018.1429    18.1252    18.1274      3.467      3.501    1507.68    1507.69     5.6141     5.6085   100.3480   100.2540  0.000e+00
       6048      4.000    18.7365    18.7341    3.55586    3.55641          1     3.4285     2.6622      75.40      0.425     0.5520     0.5504  5.356e+02  0.1558000    25.8696    25.8755     0.0059    -0.0024  1018.1389  1018.1440    18.1211    18.1262      3.963      4.002    1507.70    1507.70     5.6157     5.6055   100.3860   100.2050  0.000e+00
       6074      4.500    18.7205    18.7272    3.55620    3.55651          1     3.4286     2.6594      74.96      0.449     0.5739     0.4781  4.979e+02  0.1534000    25.8822    25.8805    -0.0017     0.0067  1018.1545  1018.1516    18.1345    18.1317      4.458      4.502    1507.68    1507.69     5.6176     5.5991   100.3980   100.0800  0.000e+00
       6100      5.000    18.6880    18.6901    3.55869    3.55939          1     3.4286     2.6587      74.58      0.467     0.5982     0.3952  4.426e+02  0.1578000    25.9224    25.9267     0.0043     0.0021  1018.1951  1018.1979    18.1729    18.1757      4.953      5.002    1507.63    1507.65     5.6203     5.6003   100.4080   100.0570  0.000e+00
       6126      5.500    18.6880    18.6828    3.55895    3.56067          1     3.4248     2.6570      74.08      0.460     0.6215     0.4150  4.101e+02  0.1578000    25.9244    25.9415     0.0171    -0.0052  1018.1988  1018.2131    18.1744    18.1887      5.449      5.502    1507.64    1507.65     5.6127     5.5967   100.2740    99.9870  0.000e+00
       6154      6.000    18.6601    18.6625    3.56402    3.56460          1     3.4229     2.6507      73.59      0.436     0.6537     0.5482  3.596e+02  0.1578000    25.9827    25.9859     0.0032     0.0023  1018.2521  1018.2540    18.2254    18.2273      5.944      6.002    1507.64    1507.65     5.6102     5.5814   100.2110    99.7020  0.000e+00
       6184      6.500    18.6094    18.6150    3.58112    3.58013          1     3.4267     2.6509      72.82      0.406     0.6904     0.6602  3.440e+02  0.1578000    26.1526    26.1411    -0.0115     0.0055  1018.3958  1018.3857    18.3669    18.3569      6.439      6.502    1507.69    1507.69     5.6183     5.5824   100.3590    99.7230  0.000e+00
       6210      7.000    18.4563    18.4924    3.68119    3.65869          1     3.4323     2.6528      72.28      0.440     0.7175     0.5636  3.005e+02  0.1543000    27.0647    26.8577    -0.2070     0.0361  1019.1294  1018.9631    19.0984    18.9320      6.935      7.002    1508.27    1508.14     5.6164     5.5778   100.5790    99.8330  0.000e+00
       6234      7.500    18.3282    18.3361    3.77721    3.77226          1     3.4355     2.6544      71.86      0.477     0.7299     0.5143  2.765e+02  0.1472000    27.9357    27.8897    -0.0460     0.0079  1019.8262  1019.7893    19.7930    19.7560      7.430      7.502    1508.88    1508.85     5.6083     5.5656   100.7120    99.9330  0.000e+00
       6260      8.000    18.2271    18.2314    3.86514    3.86342          1     3.4348     2.6521      71.41      0.484     0.7623     0.5450  2.489e+02  0.1561000    28.7294    28.7122    -0.0172     0.0043  1020.4580  1020.4439    20.4226    20.4085      7.925      8.001    1509.48    1509.48     5.5917     5.5447   100.6980    99.8490  0.000e+00
       6288      8.500    18.1731    18.1787    3.90490    3.90348          1     3.4317     2.6485      70.74      0.442     0.7685     0.4723  2.283e+02  0.1455000    29.0960    29.0803    -0.0157     0.0056  1020.7529  1020.7396    20.7153    20.7020      8.421      8.500    1509.75    1509.75     5.5793     5.5294   100.5900    99.6930  0.000e+00
       6315      9.000    18.1442    18.1509    3.91630    3.91553          1     3.4303     2.6465      70.20      0.431     0.8050     0.5222  2.119e+02  0.1456000    29.2109    29.1998    -0.0111     0.0067  1020.8497  1020.8397    20.8099    20.7998      8.916      8.999    1509.80    1509.81     5.5762     5.5238   100.5480    99.6110  0.000e+00
       6340      9.500    18.1262    18.1273    3.91704    3.91793          1     3.4366     2.6520      69.77      0.460     0.8134     0.6122  1.972e+02  0.1453000    29.2298    29.2364     0.0066     0.0011  1020.8707  1020.8755    20.8286    20.8334      9.411      9.498    1509.78    1509.79     5.5906     5.5398   100.7860    99.8750  0.000e+00
       6365     10.000    18.0318    18.0282    3.93705    3.93943          1     3.4427     2.6585      69.30      0.479     0.8691     0.5696  1.816e+02  0.1395000    29.4639    29.4863     0.0225    -0.0036  1021.0742  1021.0922    21.0299    21.0479      9.907      9.997    1509.77    1509.78     5.6060     5.5597   101.0210   100.1950  0.000e+00
       6390     10.500    17.9715    17.9721    4.06041    4.05927          1     3.4421     2.6621      68.73      0.486     0.9491     0.6107  1.602e+02  0.1453000    30.5380    30.5280    -0.0099     0.0005  1021.9113  1021.9036    21.8649    21.8572     10.402     10.495    1510.81    1510.81     5.5758     5.5411   101.0100   100.3780  0.000e+00
       6416     11.000    18.0863    18.0868    4.18221    4.18203          1     3.4433     2.6625      68.24      0.474     0.9420     0.6945  1.559e+02  0.1294000    31.4725    31.4706    -0.0018     0.0005  1022.6002  1022.5987    22.5517    22.5502     10.897     10.994    1512.22    1512.22     5.5348     5.4983   101.0550   100.3870  0.000e+00
       6444     11.500    18.0963    18.0987    4.19856    4.19997          1     3.4420     2.6615      67.62      0.445     1.0051     0.5113  1.448e+02  0.1273000    31.6019    31.6120     0.0101     0.0024  1022.6989  1022.7061    22.6482    22.6553     11.392     11.492    1512.41    1512.42     5.5272     5.4899   101.0130   100.3420  0.000e+00
       6472     12.000    18.0633    18.0684    4.20594    4.20695          1     3.4398     2.6616      67.29      0.424     1.0140     0.4530  1.330e+02  0.1273000    31.6892    31.6938     0.0046     0.0051  1022.7759  1022.7782    22.7229    22.7252     11.888     11.990    1512.42    1512.44     5.5237     5.4913   100.9400   100.3580  0.000e+00
       6497     12.500    18.0618    18.0626    4.21517    4.21443          1     3.4401     2.6620      66.73      0.447     0.9704     0.5188  1.238e+02  0.1216000    31.7679    31.7610    -0.0069     0.0009  1022.8386  1022.8331    22.7835    22.7780     12.383     12.487    1512.51    1512.50     5.5222     5.4912   100.9560   100.3870  0.000e+00
       6522     13.000    18.0434    18.0502    4.22484    4.22437          1     3.4407     2.6633      66.25      0.483     0.9654     0.5420  1.151e+02  0.1312000    31.8635    31.8542    -0.0093     0.0068  1022.9183  1022.9096    22.8610    22.8523     12.878     12.985    1512.57    1512.58     5.5225     5.4931   100.9840   100.4540  0.000e+00
       6548     13.500    18.0298    18.0312    4.23512    4.23444          1     3.4383     2.6644      65.65      0.474     0.9659     0.5916  1.074e+02  0.1241000    31.9603    31.9536    -0.0068     0.0013  1022.9979  1022.9924    22.9384    22.9329     13.374     13.483    1512.65    1512.65     5.5164     5.4951   100.9050   100.5140  0.000e+00
       6576     14.000    18.0320    18.0339    4.23939    4.23989          1     3.4385     2.6660      65.21      0.434     0.9655     0.6349  9.812e+01  0.1257000    31.9944    31.9972     0.0028     0.0019  1023.0257  1023.0273    22.9639    22.9655     13.869     13.981    1512.70    1512.71     5.5158     5.4977   100.9190   100.5930  0.000e+00
       6602     14.500    18.0397    18.0410    4.24418    4.24463          1     3.4388     2.6678      64.72      0.444     0.9831     0.6199  9.421e+01  0.1180000    32.0287    32.0314     0.0027     0.0013  1023.0522  1023.0540    22.9882    22.9900     14.364     14.479    1512.77    1512.78     5.5147     5.5007   100.9340   100.6830  0.000e+00
       6626     15.000    18.0449    18.0470    4.24772    4.24824          1     3.4391     2.6672      64.23      0.484     0.9895     0.5266  8.762e+01  0.1187000    32.0542    32.0570     0.0028     0.0021  1023.0726  1023.0742    23.0064    23.0081     14.860     14.977    1512.83    1512.83     5.5143     5.4980   100.9530   100.6610  0.000e+00
       6652     15.500    18.0481    18.0492    4.25101    4.25119          1     3.4399     2.6652      63.62      0.482     0.9833     0.4379  8.007e+01  0.1210000    32.0793    32.0799     0.0007     0.0012  1023.0932  1023.0935    23.0249    23.0251     15.355     15.475    1512.87    1512.88     5.5150     5.4923   100.9870   100.5740  0.000e+00
       6681     16.000    18.0693    18.0703    4.25912    4.25954          1     3.4328     2.6608      63.07      0.429     0.9935     0.5078  7.615e+01  0.1212000    32.1308    32.1335     0.0027     0.0010  1023.1297  1023.1315    23.0591    23.0610     15.850     15.972    1513.00    1513.01     5.4971     5.4773   100.7310   100.3720  0.000e+00
       6710     16.500    18.0559    18.0604    4.26668    4.26710          1     3.4298     2.6582      62.70      0.408     1.0019     0.4939  7.139e+01  0.1210000    32.2049    32.2048    -0.0000     0.0045  1023.1918  1023.1907    23.1190    23.1179     16.346     16.470    1513.05    1513.07     5.4903     5.4698   100.6260   100.2580  0.000e+00
       6735     17.000    18.0262    18.0341    4.27379    4.27381          1     3.4302     2.6584      62.21      0.448     1.0269     0.5696  6.792e+01  0.1212000    32.2880    32.2820    -0.0061     0.0079  1023.2648  1023.2583    23.1899    23.1833     16.841     16.968    1513.07    1513.09     5.4920     5.4710   100.6510   100.2770  0.000e+00
       6759     17.500    17.9657    17.9734    4.27667    4.27754          1     3.4297     2.6577      61.84      0.492     1.0643     0.5178  6.317e+01  0.1179000    32.3601    32.3613     0.0013     0.0077  1023.3368  1023.3359    23.2596    23.2587     17.336     17.466    1512.98    1513.00     5.4954     5.4736   100.6390   100.2560  0.000e+00
       6785     18.000    17.9438    17.9479    4.27637    4.27727          1     3.4274     2.6577      61.19      0.486     1.0984     0.4914  5.849e+01  0.1176000    32.3746    32.3790     0.0045     0.0040  1023.3554  1023.3578    23.2760    23.2784     17.831     17.963    1512.94    1512.96     5.4931     5.4762   100.5650   100.2670  0.000e+00
       6814     18.500    17.9223    17.9264    4.27602    4.27693          1     3.4187     2.6503      60.71      0.433     1.1181     0.5841  5.587e+01  0.1177000    32.3886    32.3931     0.0045     0.0041  1023.3735  1023.3759    23.2919    23.2944     18.327     18.461    1512.90    1512.92     5.4777     5.4596   100.2500    99.9300  0.000e+00
       6843     19.000    17.9011    17.9044    4.27530    4.27618          1     3.4163     2.6421      60.16      0.410     1.1456     0.6013  5.273e+01  0.1151000    32.3991    32.4040     0.0048     0.0033  1023.3889  1023.3918    23.3051    23.3080     18.822     18.959    1512.86    1512.87     5.4751     5.4414   100.1690    99.5610  0.000e+00
       6869     19.500    17.8653    17.8799    4.27437    4.27560          1     3.4119     2.6379      59.78      0.440     1.1871     0.5445  4.980e+01  0.1184000    32.4195    32.4183    -0.0012     0.0146  1023.4153  1023.4109    23.3293    23.3249     19.317     19.456    1512.78    1512.83     5.4697     5.4332   100.0140    99.3740  0.000e+00
       6893     20.000    17.6257    17.6586    4.26352    4.26570          1     3.4100     2.6344      59.21      0.481     1.2304     0.6128  4.664e+01  0.1239000    32.5182    32.5104    -0.0077     0.0329  1023.5506  1023.5368    23.4624    23.4486     19.813     19.954    1512.20    1512.28     5.4887     5.4461    99.9630    99.2450  0.000e+00
       6919     20.500    17.5011    17.5199    4.25477    4.25666          1     3.4203     2.6393      58.67      0.479     1.2529     0.5405  4.406e+01  0.1296000    32.5432    32.5442     0.0010     0.0188  1023.6018  1023.5981    23.5113    23.5076     20.308     20.452    1511.86    1511.92     5.5227     5.4734   100.3570    99.4970  0.000e+00
       6948     21.000    17.2017    17.2412    4.23273    4.23587          1     3.4317     2.6468      58.19      0.428     1.2969     0.6826  4.172e+01  0.1391000    32.5950    32.5901    -0.0049     0.0395  1023.7146  1023.7015    23.6218    23.6087     20.803     20.949    1511.03    1511.14     5.5776     5.5230   100.8040    99.8900  0.000e+00
       6976     21.500    16.7577    16.7956    4.20275    4.20554          1     3.4318     2.6478      57.72      0.412     1.3992     0.8008  3.896e+01  0.1362000    32.6957    32.6890    -0.0067     0.0379  1023.8979  1023.8840    23.8028    23.7889     21.299     21.447    1509.81    1509.92     5.6244     5.5738   100.8420   100.0050  0.000e+00
       7002     22.000    16.5842    16.6081    4.19268    4.19464          1     3.4249     2.6439      57.17      0.455     1.4730     0.9480  3.684e+01  0.1301000    32.7495    32.7471    -0.0024     0.0239  1023.9816  1023.9742    23.8842    23.8768     21.794     21.944    1509.36    1509.43     5.6281     5.5839   100.6030    99.8570  0.000e+00
       7027     22.500    16.4835    16.4980    4.18751    4.18892          1     3.4174     2.6375      56.78      0.476     1.5159     0.8473  3.475e+01  0.1357000    32.7868    32.7872     0.0004     0.0145  1024.0356  1024.0325    23.9359    23.9329     22.289     22.441    1509.10    1509.14     5.6232     5.5788   100.3410    99.5770  0.000e+00
