file_explorer/tests/test_data/local/cnv/SBE09_1387_20220823_1041_77SE_14_0600.cnv
* Sea-Bird SBE 9 Data File:
* FileName = L:\nytt_ctd_format\2022\SBE09_1387_20220823_1040_77SE_14_0600.hex
* Software Version Seasave V 7.26.7.121
* Temperature SN = 5351
* Conductivity SN = 3941
* Number of Bytes Per Scan = 41
* Number of Voltage Words = 4
* Number of Scans Averaged by the Deck Unit = 1
* NMEA Latitude = 58 38.47 N
* NMEA Longitude = 010 51.70 E
* NMEA UTC (Time) = Aug 23 2022  10:41:43
* NMEA baud rate = 4800
** Station: 2 SSE Persgrund
** Operator: MHan
** Ship: 77SE Svea
** Average sound velocity: 1505.00 m/s
** True-depth calculation Tue, 20 Sep 2022 06:58:51 +0000
** Cruise: 77SE-2022-14
** Latitud [GG MM.mm N]:
** Longitude [GG MM.mm E]:
** Pumps: PrimaryPump: 6060 # SecondaryPump: 6061
** EventIDs: EventID:  # ParentEventID:
** Additional Sampling:
** Metadata admin: MPROG: NATL # PROJ: IBT # ORDERER: SLU, HAV, SMHI # SLABO: SMHI # ALABO: SMHI # REFSK: HC-B-B8, HC-C-C2, OM7
** Metadata conditions: WADEP: 77 # WINDIR: 07 # WINSP: 3 # AIRTEMP: 19.0 # AIRPRES: 1024 # WEATH: 1 # CLOUD: 3 # WAVES: 2 # ICEOB: 0 # COMNT_VISIT:
** LIMS Job: 20227710-0600
# nquan = 32
# nvalues = 157
# units = specified
# name 0 = scan: Scan Count
# name 1 = prDM: Pressure, Digiquartz [db]
# name 2 = t090C: Temperature [ITS-90, deg C]
# name 3 = t190C: Temperature, 2 [ITS-90, deg C]
# name 4 = c0S/m: Conductivity [S/m]
# name 5 = c1S/m: Conductivity, 2 [S/m]
# name 6 = pumps: Pump Status
# name 7 = sbeox0V: Oxygen raw, SBE 43 [V]
# name 8 = sbeox1V: Oxygen raw, SBE 43, 2 [V]
# name 9 = altM: Altimeter [m]
# name 10 = dz/dtM: Descent Rate [m/s]
# name 11 = flECO-AFL: Chl-a Fluorescence, WET Labs ECO-AFL/FL [mg/m^3]
# name 12 = flECO-AFL1: Phycocyanin Fluorescence, WET Labs ECO-AFL/FL, 2 [mg/m^3]
# name 13 = par: PAR/Irradiance, Biospherical/Licor [µE/(cm^2*s)]
# name 14 = turbWETntu0: Turbidity, WET Labs ECO [NTU]
# name 15 = sal00: Salinity, Practical [PSU]
# name 16 = sal11: Salinity, Practical, 2 [PSU]
# name 17 = secS-priS: Salinity, Practical, Difference, 2 - 1 [PSU]
# name 18 = T2-T190C: Temperature Difference, 2 - 1 [ITS-90, deg C]
# name 19 = density00: Density [density, kg/m^3]
# name 20 = density11: Density, 2 [density, kg/m^3]
# name 21 = sigma-t00: Density [sigma-t, kg/m^3 ]
# name 22 = sigma-t11: Density, 2 [sigma-t, kg/m^3 ]
# name 23 = depSM: Depth [salt water, m], lat = 58.6412
# name 24 = depFM: Depth [true depth, m], lat = 58.6412
# name 25 = svCM: Sound Velocity [Chen-Millero, m/s]
# name 26 = svCM1: Sound Velocity, 2 [Chen-Millero, m/s]
# name 27 = sbeox0ML/L: Oxygen, SBE 43 [ml/l], WS = 2
# name 28 = sbeox1ML/L: Oxygen, SBE 43, 2 [ml/l], WS = 2
# name 29 = sbeox0PS: Oxygen, SBE 43 [% saturation], WS = 2
# name 30 = sbeox1PS: Oxygen, SBE 43, 2 [% saturation], WS = 2
# name 31 = flag: flag
# span 0 =       5247,      10765
# span 1 =      0.500,     78.500
# span 2 =    11.2407,    18.7522
# span 3 =    11.2437,    18.7546
# span 4 =   3.555722,   4.276668
# span 5 =   3.556325,   4.277543
# span 6 =          1,          1
# span 7 =     2.8600,     3.4433
# span 8 =     2.2022,     2.6693
# span 9 =       1.07,      78.93
# span 10 =     -0.260,      0.492
# span 11 =     0.1307,     1.6128
# span 12 =    -0.2327,     0.9480
# span 13 = 2.2359e-04, 3.2195e+03
# span 14 =     0.0722,     1.8526
# span 15 =    25.8696,    34.8219
# span 16 =    25.8737,    34.8264
# span 17 =    -0.2070,     0.0225
# span 18 =    -0.0212,     0.0476
# span 19 =  1018.1255,  1026.8659
# span 20 =  1018.1280,  1026.8688
# span 21 =    18.1189,    26.5126
# span 22 =    18.1214,    26.5155
# span 23 =      0.495,     77.754
# span 24 =      0.500,     78.055
# span 25 =    1495.17,    1513.07
# span 26 =    1495.18,    1513.09
# span 27 =     4.9733,     5.6794
# span 28 =     4.9571,     5.6654
# span 29 =     80.735,    101.055
# span 30 =     80.501,    100.683
# span 31 = 0.0000e+00, 0.0000e+00
# interval = decibars: 0.5
# start_time = Aug 23 2022 10:41:43 [NMEA time, first data scan]
# bad_flag = -9.990e-29
*END*
[from data line 136]
       9479     68.500    12.7302    12.7139    4.04559    4.04395          1     3.1082     2.4211      11.29      0.442     0.3636     0.3177  1.183e-01  0.3879000    34.7332    34.7325    -0.0007    -0.0163  1026.5464  1026.5490    26.2399    26.2426     67.850     68.131    1500.11    1500.05     5.3570     5.4067    89.7280    90.5290  0.000e+00
       9505     69.000    12.7802    12.7991    4.05228    4.05504          1     3.1235     2.4321      10.77      0.461     0.3873     0.3285  1.065e-01  0.3770000    34.7510    34.7600     0.0091     0.0189  1026.5524  1026.5556    26.2438    26.2470     68.346     68.628    1500.30    1500.38     5.3850     5.4267    90.3000    91.0400  0.000e+00
       9530     69.500    12.9716    12.9660    4.07705    4.07681          1     3.1321     2.4343      10.30      0.474     0.4222     0.3689  9.465e-02  0.3302000    34.8112    34.8141     0.0029    -0.0056  1026.5629  1026.5663    26.2523    26.2557     68.841     69.124    1501.02    1501.01     5.3800     5.4110    90.6070    91.1200  0.000e+00
       9556     70.000    13.0095    13.0119    4.08184    4.08254          1     3.1342     2.4318       9.81      0.469     0.4496     0.3948  8.425e-02  0.3097000    34.8219    34.8264     0.0044     0.0024  1026.5658  1026.5687    26.2530    26.2560     69.336     69.620    1501.17    1501.18     5.3801     5.3983    90.6860    91.0000  0.000e+00
       9584     70.500    13.0040    13.0053    4.08129    4.08184          1     3.1334     2.4286       9.26      0.442     0.4464     0.3396  7.134e-02  0.3076000    34.8215    34.8256     0.0041     0.0012  1026.5688  1026.5717    26.2537    26.2567     69.831     70.116    1501.16    1501.17     5.3795     5.3906    90.6650    90.8560  0.000e+00
       9613     71.000    12.9867    12.9924    4.07927    4.08040          1     3.1245     2.4187       8.79      0.422     0.4559     0.2394  6.262e-02  0.2690000    34.8180    34.8235     0.0055     0.0057  1026.5719  1026.5750    26.2546    26.2577     70.326     70.612    1501.11    1501.13     5.3621     5.3648    90.3380    90.3970  0.000e+00
       9643     71.500    12.9559    12.9678    4.07570    4.07750          1     3.1038     2.3955       8.22      0.398     0.4230     0.2458  4.321e-02  0.2763000    34.8121    34.8183     0.0061     0.0120  1026.5757  1026.5781    26.2562    26.2585     70.821     71.109    1501.00    1501.05     5.3206     5.3033    89.5790    89.3120  0.000e+00
       9674     72.000    12.8385    12.8621    4.06159    4.06469          1     3.0804     2.3700       7.74      0.391     0.3917     0.3920  3.139e-02  0.2859000    34.7850    34.7930     0.0080     0.0235  1026.5805  1026.5820    26.2586    26.2601     71.317     71.605    1500.59    1500.68     5.2834     5.2453    88.7210    88.1290  0.000e+00
       9707     72.500    12.5351    12.5743    4.02712    4.03157          1     3.0605     2.3556       7.20      0.366     0.3400     0.2981  2.928e-02  0.2932000    34.7339    34.7406     0.0067     0.0392  1026.6035  1026.6009    26.2789    26.2764     71.812     72.101    1499.52    1499.66     5.2761     5.2405    88.0170    87.4980  0.000e+00
       9740     73.000    12.3318    12.3506    4.00519    4.00725          1     3.0460     2.3450       6.71      0.365     0.3424     0.3444  2.244e-02  0.3160000    34.7102    34.7127     0.0025     0.0189  1026.6272  1026.6255    26.3001    26.2984     72.307     72.597    1498.81    1498.88     5.2683     5.2379    87.5030    87.0340  0.000e+00
       9776     73.500    12.2635    12.2826    4.00093    4.00311          1     3.0269     2.3273       6.21      0.340     0.3153     0.4184  1.541e-02  0.3308000    34.7321    34.7354     0.0033     0.0191  1026.6598  1026.6586    26.3304    26.3293     72.802     73.094    1498.62    1498.68     5.2327     5.1951    86.8010    86.2130  0.000e+00
       9816     74.000    12.1107    12.1340    3.98487    3.98766          1     3.0001     2.3071       5.70      0.302     0.2801     0.3895  1.184e-02  0.3794000    34.7177    34.7232     0.0055     0.0232  1026.6805  1026.6803    26.3486    26.3484     73.297     73.590    1498.09    1498.17     5.1908     5.1556    85.8240    85.2850  0.000e+00
       9861     74.500    11.9447    11.9458    3.96610    3.96633          1     2.9737     2.2896       5.18      0.270     0.2224     0.1393  7.897e-03  0.5772000    34.6892    34.6903     0.0011     0.0012  1026.6925  1026.6932    26.3582    26.3589     73.792     74.086    1497.49    1497.50     5.1515     5.1288    84.8620    84.4920  0.000e+00
       9905     75.000    11.8652    11.8719    3.95720    3.95813          1     2.9553     2.2711       4.70      0.271     0.1914     0.2566  3.165e-03  0.7928000    34.6760    34.6789     0.0029     0.0067  1026.6997  1026.7007    26.3630    26.3640     74.288     74.582    1497.22    1497.24     5.1196     5.0849    84.1900    83.6330  0.000e+00
       9942     75.500    11.8055    11.8096    3.95105    3.95194          1     2.9442     2.2637       4.20      0.320     0.1843     0.1678  5.825e-04  0.8703000    34.6713    34.6762     0.0049     0.0041  1026.7097  1026.7127    26.3707    26.3737     74.783     75.078    1497.01    1497.03     5.1015     5.0713    83.7840    83.2980  0.000e+00
       9983     76.000    11.7887    11.7946    3.94929    3.95039          1     2.9321     2.2542       3.68      0.299     0.1809     0.3349  2.336e-04  0.9274000    34.6696    34.6748     0.0052     0.0060  1026.7138  1026.7167    26.3725    26.3755     75.278     75.575    1496.96    1496.99     5.0763     5.0461    83.3410    82.8570  0.000e+00
      10034     76.500    11.7598    11.7644    3.94642    3.94710          1     2.9102     2.2339       3.16      0.234     0.1634     0.2960  2.236e-04  1.0235000    34.6682    34.6705     0.0023     0.0046  1026.7205  1026.7213    26.3769    26.3778     75.773     76.071    1496.87    1496.89     5.0302     4.9912    82.5320    81.9020  0.000e+00
      10084     77.000    11.5347    11.5666    3.92679    3.92944          1     2.8905     2.2143       2.68      0.239     0.1402     0.2600  2.236e-04  1.3670000    34.6856    34.6818    -0.0038     0.0319  1026.7786  1026.7697    26.4325    26.4236     76.268     76.567    1496.12    1496.23     5.0102     4.9571    81.8250    81.0100  0.000e+00
      10132     77.500    11.3089    11.3336    3.90774    3.91015          1     2.8772     2.2087       2.18      0.248     0.1338     0.4117  2.236e-04  1.7406000    34.7092    34.7098     0.0006     0.0247  1026.8413  1026.8372    26.4927    26.4886     76.763     77.063    1495.38    1495.46     5.0047     4.9669    81.3580    80.7860  0.000e+00
      10183     78.000    11.2577    11.2657    3.90347    3.90466          1     2.8684     2.2040       1.68      0.232     0.1340     0.2478  2.236e-04  1.8082000    34.7149    34.7191     0.0042     0.0080  1026.8575  1026.8593    26.5065    26.5083     77.258     77.559    1495.21    1495.25     4.9904     4.9611    81.0400    80.5810  0.000e+00
      10765     78.500    11.2407    11.2437    3.90227    3.90300          1     2.8600     2.2022       1.07      0.081     0.1307     0.3916  1.830e-01  1.8526000    34.7187    34.7232     0.0044     0.0030  1026.8659  1026.8688    26.5126    26.5155     77.754     78.055    1495.17    1495.18     4.9733     4.9584    80.7350    80.5010  0.000e+00
