file_explorer/tests/test_data/local/cnv/SBE09_1387_20220918_1305_77SE_16_0847.cnv
* Sea-Bird SBE 9 Data File:
* FileName = L:\nytt_ctd_format\2022\SBE09_1387_20220918_1302_77SE_16_0847.hex
* Software Version Seasave V 7.26.7.121
* Temperature SN = 5351
* Conductivity SN = 3941
* Number of Bytes Per Scan = 41
* Number of Voltage Words = 4
* Number of Scans Averaged by the Deck Unit = 1
* NMEA Latitude = 55 22.96 N
* NMEA Longitude = 015 20.06 E
* NMEA UTC (Time) = Sep 18 2022  13:05:36
* NMEA baud rate = 4800
** Station: BY4 CHRISTIANS
** Operator: HBjo
** Ship: 77SE Svea
** Average sound velocity: 1462.36 m/s
** True-depth calculation Tue, 20 Sep 2022 06:54:58 +0000
** Cruise: 77SE-2022-16
** Latitud [GG MM.mm N]:
** Longitude [GG MM.mm E]:
** Pumps: PrimaryPump: 6060 # SecondaryPump: 6061
** EventIDs: EventID:  # ParentEventID:
** Additional Sampling:
** Metadata admin: MPROG: NATL # PROJ: BAS # ORDERER: HAV, SMHI # SLABO: SMHI # ALABO: SMHI # REFSK: HC-B-B8, HC-C-C2, OM7
** Metadata conditions: WADEP_BOT: 94.0 # WADEP: 93 # WINSP: 4.8 # WINDIR: 30 # AIRPRES: 1000 # AIRTEMP: 14.05 # WEATH: 2 # CLOUD: 8 # WAVES: 2 # ICEOB: 0 # COMNT_VISIT:
** LIMS Job: 20227710-0847
# nquan = 32
# nvalues = 176
# units = specified
# name 0 = scan: Scan Count
# name 1 = prDM: Pressure, Digiquartz [db]
# name 2 = t090C: Temperature [ITS-90, deg C]
# name 3 = t190C: Temperature, 2 [ITS-90, deg C]
# name 4 = c0S/m: Conductivity [S/m]
# name 5 = c1S/m: Conductivity, 2 [S/m]
# name 6 = pumps: Pump Status
# name 7 = sbeox0V: Oxygen raw, SBE 43 [V]
# name 8 = sbeox1V: Oxygen raw, SBE 43, 2 [V]
# name 9 = altM: Altimeter [m]
# name 10 = dz/dtM: Descent Rate [m/s]
# name 11 = flECO-AFL: Chl-a Fluorescence, WET Labs ECO-AFL/FL [mg/m^3]
# name 12 = flECO-AFL1: Phycocyanin Fluorescence, WET Labs ECO-AFL/FL, 2 [mg/m^3]
# name 13 = par: PAR/Irradiance, Biospherical/Licor [µE/(cm^2*s)]
# name 14 = turbWETntu0: Turbidity, WET Labs ECO [NTU]
# name 15 = sal00: Salinity, Practical [PSU]
# name 16 = sal11: Salinity, Practical, 2 [PSU]
# name 17 = secS-priS: Salinity, Practical, Difference, 2 - 1 [PSU]
# name 18 = T2-T190C: Temperature Difference, 2 - 1 [ITS-90, deg C]
# name 19 = density00: Density [density, kg/m^3]
# name 20 = density11: Density, 2 [density, kg/m^3]
# name 21 = sigma-t00: Density [sigma-t, kg/m^3 ]
# name 22 = sigma-t11: Density, 2 [sigma-t, kg/m^3 ]
# name 23 = depSM: Depth [salt water, m], lat = 55.3827
# name 24 = depFM: Depth [true depth, m], lat = 55.3827
# name 25 = svCM: Sound Velocity [Chen-Millero, m/s]
# name 26 = svCM1: Sound Velocity, 2 [Chen-Millero, m/s]
# name 27 = sbeox0ML/L: Oxygen, SBE 43 [ml/l], WS = 2
# name 28 = sbeox1ML/L: Oxygen, SBE 43, 2 [ml/l], WS = 2
# name 29 = sbeox0PS: Oxygen, SBE 43 [% saturation], WS = 2
# name 30 = sbeox1PS: Oxygen, SBE 43, 2 [% saturation], WS = 2
# name 31 = flag: flag
# span 0 =      46066,      53346
# span 1 =      1.500,     89.000
# span 2 =     5.4538,    16.9531
# span 3 =     5.4580,    16.9519
# span 4 =   0.839477,   1.651186
# span 5 =   0.839566,   1.651327
# span 6 =          1,          1
# span 7 =     0.7210,     3.3810
# span 8 =     0.5251,     2.6417
# span 9 =       0.80,      91.80
# span 10 =     -0.153,      0.506
# span 11 =     0.1333,     2.0170
# span 12 =    -0.1086,   140.6698
# span 13 = 1.4100e-04, 2.5632e+02
# span 14 =     0.0712,     3.1685
# span 15 =     7.5188,    14.6846
# span 16 =     7.5194,    14.6849
# span 17 =    -0.0120,     0.0108
# span 18 =    -0.0221,     0.1332
# span 19 =  1004.5920,  1011.7662
# span 20 =  1004.5920,  1011.7662
# span 21 =     4.5812,    11.3473
# span 22 =     4.5817,    11.3474
# span 23 =      1.486,     88.176
# span 24 =      1.521,     89.986
# span 25 =    1438.87,    1481.46
# span 26 =    1438.88,    1481.47
# span 27 =     0.0581,     6.6559
# span 28 =     0.0693,     6.6585
# span 29 =      0.775,     98.739
# span 30 =      0.924,     99.465
# span 31 = 0.0000e+00, 0.0000e+00
# interval = decibars: 0.5
# start_time = Sep 18 2022 13:05:37 [NMEA time, first data scan]
# bad_flag = -9.990e-29
*END*
[from data line 91]
      48497     47.000     6.5074     6.5029    0.96505    0.96438          1     2.5627     1.9655      44.67      0.460     0.1680     0.8978  1.976e-04  0.1316000     8.6245     8.6192    -0.0053    -0.0045  1006.9639  1006.9601     6.7384     6.7345     46.569     47.619    1444.49    1444.46     5.6843     5.6683    69.9590    69.7510  0.000e+00
      48522     47.500     6.7121     6.7133    0.98597    0.98558          1     2.5526     1.9610      44.18      0.473     0.1591     0.9397  1.883e-04  0.1451000     8.7737     8.7696    -0.0041     0.0013  1007.0698  1007.0666     6.8422     6.8389     47.065     48.125    1445.54    1445.55     5.6172     5.6130    69.5500    69.4980  0.000e+00
      48547     48.000     6.9060     6.9051    1.00805    1.00747          1     2.5297     1.9428      43.68      0.473     0.1586     1.0080  2.059e-04  0.0946000     8.9349     8.9296    -0.0053    -0.0009  1007.1851  1007.1810     6.9554     6.9513     47.560     48.631    1446.57    1446.56     5.5136     5.5090    68.6640    68.6030  0.000e+00
      48573     48.500     7.7617     7.7499    1.06236    1.06079          1     2.5073     1.9233      43.11      0.473     0.1473     0.9400  1.871e-04  0.0900000     9.2234     9.2117    -0.0117    -0.0118  1007.3457  1007.3373     7.1148     7.1064     48.056     49.136    1450.47    1450.40     5.3153     5.3041    67.7010    67.5320  0.000e+00
      48599     49.000     8.7008     8.7027    1.12774    1.12686          1     2.4766     1.8983      42.57      0.466     0.1474     0.9787  1.999e-04  0.0961000     9.5798     9.5712    -0.0086     0.0019  1007.5421  1007.5352     7.3101     7.3032     48.551     49.642    1454.72    1454.71     5.0877     5.0699    66.4260    66.1930  0.000e+00
      48624     49.500     9.1012     9.0855    1.15891    1.15742          1     2.4340     1.8621      42.08      0.470     0.1358     1.0480  1.970e-04  0.0900000     9.7558     9.7466    -0.0092    -0.0157  1007.6415  1007.6359     7.4076     7.4021     49.046     50.148    1456.53    1456.46     4.9104     4.8842    64.7900    64.4170  0.000e+00
      48648     50.000     9.8117     9.7918    1.20572    1.20377          1     2.3941     1.8288      41.63      0.486     0.1452     1.0524  2.055e-04  0.0950000     9.9828     9.9708    -0.0120    -0.0199  1007.7436  1007.7365     7.5083     7.5012     49.542     50.653    1459.60    1459.51     4.7065     4.6733    63.2250    62.7450  0.000e+00
      48674     50.500    10.2142    10.2141    1.23601    1.23559          1     2.3618     1.8051      41.05      0.475     0.1483     1.0847  1.834e-04  0.1007000    10.1415    10.1379    -0.0036    -0.0002  1007.8232  1007.8203     7.5861     7.5832     50.037     51.159    1461.36    1461.35     4.5665     4.5360    61.9820    61.5670  0.000e+00
      48701     51.000    10.4360    10.4388    1.25583    1.25562          1     2.3337     1.7834      40.53      0.459     0.1500     0.9424  1.868e-04  0.0973000    10.2550    10.2524    -0.0026     0.0028  1007.8871  1007.8847     7.6479     7.6456     50.532     51.664    1462.35    1462.36     4.4620     4.4323    60.9170    60.5150  0.000e+00
      48726     51.500    10.5192    10.5208    1.26661    1.26639          1     2.3140     1.7693      40.06      0.461     0.1507     0.8538  1.699e-04  0.0995000    10.3267    10.3243    -0.0024     0.0016  1007.9349  1007.9329     7.6936     7.6915     51.028     52.169    1462.77    1462.77     4.3976     4.3730    60.1790    59.8440  0.000e+00
      48751     52.000    10.5635    10.5685    1.27499    1.27508          1     2.2975     1.7581      39.57      0.480     0.1501     0.8334  2.227e-04  0.0973000    10.3880    10.3874    -0.0006     0.0050  1007.9793  1007.9783     7.7357     7.7346     51.523     52.675    1463.02    1463.03     4.3465     4.3274    59.5630    59.3080  0.000e+00
      48776     52.500    10.4220    10.4280    1.27454    1.27440          1     2.2801     1.7424      39.00      0.479     0.1516     1.0060  2.069e-04  0.0946000    10.4242    10.4212    -0.0030     0.0060  1008.0270  1008.0240     7.7809     7.7779     52.018     53.180    1462.53    1462.55     4.3133     4.2874    58.9320    58.5850  0.000e+00
      48803     53.000    10.4446    10.4485    1.28234    1.28228          1     2.2473     1.7166      38.46      0.452     0.1514     0.9856  2.071e-04  0.0958000    10.4867    10.4850    -0.0017     0.0039  1008.0751  1008.0733     7.8267     7.8249     52.514     53.685    1462.70    1462.71     4.2199     4.1944    57.7080    57.3640  0.000e+00
      48830     53.500    10.2507    10.2619    1.28453    1.28429          1     2.2186     1.6973      37.95      0.446     0.1540     0.9710  1.977e-04  0.0987000    10.5619    10.5565    -0.0054     0.0111  1008.1591  1008.1536     7.9082     7.9027     53.009     54.191    1462.06    1462.09     4.1596     4.1451    56.6590    56.4740  0.000e+00
      48855     54.000    10.3664    10.3677    1.31039    1.30987          1     2.2052     1.6889      37.43      0.468     0.1589     0.9209  1.697e-04  0.1070000    10.7579    10.7529    -0.0050     0.0013  1008.2996  1008.2955     8.0465     8.0424     53.504     54.696    1462.74    1462.74     4.1063     4.1004    56.1510    56.0700  0.000e+00
      48879     54.500    10.5303    10.5228    1.32774    1.32675          1     2.1908     1.6773      36.94      0.489     0.1622     0.8263  1.875e-04  0.1085000    10.8633    10.8568    -0.0065    -0.0075  1008.3636  1008.3595     8.1084     8.1043     54.000     55.201    1463.50    1463.47     4.0484     4.0421    55.6040    55.5050  0.000e+00
      48905     55.000    10.8084    10.8034    1.34927    1.34865          1     2.1724     1.6619      36.39      0.477     0.1546     0.9525  1.884e-04  0.0958000    10.9707    10.9667    -0.0040    -0.0051  1008.4142  1008.4118     8.1571     8.1546     54.495     55.706    1464.69    1464.67     3.9693     3.9588    54.9000    54.7470  0.000e+00
      48931     55.500    11.1074    11.0979    1.37044    1.36963          1     2.1438     1.6365      35.92      0.466     0.1430     1.1620  2.066e-04  0.0950000    11.0671    11.0628    -0.0043    -0.0095  1008.4526  1008.4505     8.1935     8.1914     54.991     56.211    1465.94    1465.90     3.8621     3.8419    53.8120    53.5170  0.000e+00
      48956     56.000    11.2028    11.2048    1.37982    1.37951          1     2.1405     1.6308      35.38      0.470     0.1441     0.9629  2.124e-04  0.0959000    11.1203    11.1171    -0.0032     0.0020  1008.4836  1008.4808     8.2223     8.2195     55.486     56.717    1466.37    1466.38     3.8433     3.8113    53.6840    53.2380  0.000e+00
      48981     56.500    11.1153    11.1262    1.38862    1.38884          1     2.1656     1.6526      34.82      0.471     0.1423     0.8309  1.897e-04  0.0960000    11.2237    11.2222    -0.0014     0.0109  1008.5773  1008.5748     8.3136     8.3111     55.981     57.222    1466.18    1466.22     3.9163     3.8904    54.6300    54.2820  0.000e+00
      49006     57.000    10.0476    10.0846    1.34444    1.34691          1     2.1780     1.6635      34.35      0.485     0.1333     0.7078  1.670e-04  0.0963000    11.1574    11.1681     0.0108     0.0370  1008.6611  1008.6651     8.3937     8.3977     56.476     57.727    1462.05    1462.20     4.0553     4.0319    55.1880    54.9190  0.000e+00
      49031     57.500     9.5415     9.5405    1.33250    1.33185          1     2.1808     1.6644      33.82      0.483     0.1458     0.8030  1.410e-04  0.0854000    11.2060    11.2004    -0.0056    -0.0010  1008.7604  1008.7562     8.4901     8.4858     56.972     58.232    1460.16    1460.15     4.1127     4.0899    55.3400    55.0300  0.000e+00
      49057     58.000     9.5823     9.5873    1.35209    1.35179          1     2.1856     1.6697      33.27      0.467     0.1459     0.9796  1.543e-04  0.0890000    11.3715    11.3672    -0.0043     0.0050  1008.8868  1008.8830     8.6143     8.6104     57.467     58.737    1460.53    1460.54     4.1177     4.0994    55.5190    55.2770  0.000e+00
      49084     58.500     9.1535     9.1535    1.33944    1.33975          1     2.1888     1.6752      32.75      0.456     0.1356     1.0243  1.803e-04  0.0851000    11.3915    11.3944     0.0029    -0.0000  1008.9523  1008.9545     8.6767     8.6790     57.963     59.242    1458.88    1458.89     4.1709     4.1640    55.6860    55.5950  0.000e+00
      49110     59.000     9.0674     9.0670    1.34218    1.34207          1     2.1887     1.6767      32.22      0.458     0.1425     0.9844  1.559e-04  0.0938000    11.4441    11.4433    -0.0008    -0.0005  1009.0049  1009.0043     8.7269     8.7263     58.458     59.746    1458.62    1458.62     4.1784     4.1776    55.6930    55.6810  0.000e+00
      49135     59.500     9.1022     9.1037    1.34855    1.34849          1     2.1850     1.6733      31.72      0.471     0.1446     1.0742  1.804e-04  0.0958000    11.4917    11.4907    -0.0011     0.0015  1009.0405  1009.0396     8.7603     8.7593     58.953     60.251    1458.82    1458.83     4.1633     4.1608    55.5540    55.5220  0.000e+00
      49161     60.000     9.1184     9.1209    1.35413    1.35413          1     2.1810     1.6687      31.23      0.470     0.1442     1.2064  1.884e-04  0.0823000    11.5379    11.5371    -0.0008     0.0025  1009.0771  1009.0762     8.7945     8.7936     59.449     60.756    1458.95    1458.96     4.1494     4.1413    55.4050    55.3000  0.000e+00
      49187     60.500     9.1070     9.1090    1.35861    1.35862          1     2.1750     1.6631      30.72      0.455     0.1356     1.1629  1.717e-04  0.0724000    11.5829    11.5823    -0.0006     0.0020  1009.1157  1009.1150     8.8308     8.8301     59.944     61.261    1458.97    1458.98     4.1329     4.1217    55.1870    55.0390  0.000e+00
      49213     61.000     9.0970     9.0999    1.37072    1.37109          1     2.1551     1.6466      30.20      0.457     0.1410     0.9833  1.622e-04  0.0712000    11.6979    11.7003     0.0024     0.0030  1009.2087  1009.2103     8.9215     8.9230     60.439     61.766    1459.08    1459.09     4.0755     4.0613    54.4480    54.2620  0.000e+00
      49238     61.500     9.3921     9.3886    1.41062    1.41010          1     2.1342     1.6300      29.69      0.479     0.1425     1.0692  1.861e-04  0.0742000    11.9679    11.9643    -0.0036    -0.0036  1009.3883  1009.3860     9.0993     9.0969     60.935     62.270    1460.57    1460.55     3.9807     3.9665    53.6390    53.4410  0.000e+00
      49262     62.000     9.8377     9.8342    1.44797    1.44762          1     2.1200     1.6202      29.17      0.489     0.1455     1.0292  1.788e-04  0.0853000    12.1608    12.1588    -0.0020    -0.0035  1009.4894  1009.4882     9.1987     9.1976     61.430     62.775    1462.54    1462.53     3.8935     3.8832    53.0730    52.9280  0.000e+00
      49288     62.500    10.0019    10.0030    1.46334    1.46333          1     2.1109     1.6132      28.64      0.480     0.1411     1.0215  2.153e-04  0.0959000    12.2452    12.2448    -0.0004     0.0010  1009.5376  1009.5371     9.2449     9.2444     61.925     63.280    1463.29    1463.29     3.8510     3.8406    52.7210    52.5790  0.000e+00
      49314     63.000    10.1419    10.1366    1.47678    1.47611          1     2.0961     1.6000      28.10      0.464     0.1338     0.9422  2.063e-04  0.0961000    12.3196    12.3153    -0.0043    -0.0052  1009.5806  1009.5780     9.2858     9.2831     62.420     63.784    1463.92    1463.89     3.7959     3.7805    52.1570    51.9390  0.000e+00
      49339     63.500    10.2276    10.2298    1.48427    1.48435          1     2.0818     1.5887      27.61      0.464     0.1342     1.0001  2.148e-04  0.0961000    12.3582    12.3582    -0.0000     0.0023  1009.6024  1009.6021     9.3053     9.3050     62.916     64.289    1464.30    1464.31     3.7485     3.7322    51.6200    51.3990  0.000e+00
      49364     64.000    10.2913    10.2943    1.49289    1.49293          1     2.0747     1.5822      27.08      0.484     0.1362     0.9533  1.589e-04  0.0947000    12.4143    12.4136    -0.0007     0.0030  1009.6403  1009.6394     9.3410     9.3401     63.411     64.793    1464.62    1464.63     3.7224     3.7028    51.3530    51.0870  0.000e+00
      49388     64.500    10.3614    10.3631    1.50570    1.50587          1     2.0714     1.5796      26.59      0.491     0.1468     1.0914  1.885e-04  0.0896000    12.5058    12.5066     0.0009     0.0017  1009.7048  1009.7053     9.4033     9.4038     63.906     65.298    1465.01    1465.01     3.7051     3.6856    51.2270    50.9590  0.000e+00
      49414     65.000    10.0877    10.0794    1.49910    1.49930          1     2.0549     1.5650      26.02      0.474     0.1469     1.2263  2.147e-04  0.0957000    12.5400    12.5446     0.0046    -0.0083  1009.7675  1009.7721     9.4633     9.4679     64.402     65.802    1464.01    1463.98     3.6845     3.6605    50.6360    50.2990  0.000e+00
      49440     65.500     9.8348     9.8346    1.49466    1.49480          1     2.0182     1.5322      25.51      0.459     0.1469     1.2884  2.175e-04  0.0960000    12.5871    12.5885     0.0014    -0.0003  1009.8372  1009.8383     9.5303     9.5314     64.897     66.307    1463.10    1463.11     3.6062     3.5682    49.2880    48.7680  0.000e+00
      49466     66.000     9.9423     9.9494    1.51146    1.51203          1     1.9753     1.4975      25.02      0.465     0.1474     1.1220  1.651e-04  0.1077000    12.7028    12.7055     0.0027     0.0071  1009.9164  1009.9176     9.6075     9.6087     65.392     66.811    1463.67    1463.70     3.4773     3.4352    47.6790    47.1100  0.000e+00
      49492     66.500    10.0231    10.0261    1.52718    1.52763          1     1.9515     1.4774      24.53      0.467     0.1474     1.1103  1.834e-04  0.0969000    12.8176    12.8206     0.0030     0.0030  1009.9980  1010.0000     9.6869     9.6889     65.888     67.316    1464.12    1464.14     3.4033     3.3570    46.7850    46.1530  0.000e+00
      49518     67.000     9.9295     9.9299    1.52958    1.52958          1     1.9149     1.4439      23.96      0.459     0.1469     1.1303  1.976e-04  0.1011000    12.8725    12.8724    -0.0002     0.0004  1010.0544  1010.0542     9.7408     9.7406     66.383     67.820    1463.84    1463.84     3.3104     3.2482    45.4270    44.5740  0.000e+00
      49544     67.500     9.3937     9.3903    1.50925    1.50912          1     1.8487     1.3866      23.47      0.464     0.1506     1.2760  1.921e-04  0.0974000    12.8766    12.8766    -0.0000    -0.0034  1010.1232  1010.1236     9.8065     9.8069     66.878     68.324    1461.78    1461.77     3.1715     3.0914    42.9900    41.9000  0.000e+00
      49569     68.000     9.3791     9.3816    1.52337    1.52368          1     1.7777     1.3292      22.94      0.468     0.1594     1.1933  1.639e-04  0.0950000    13.0126    13.0146     0.0020     0.0025  1010.2330  1010.2343     9.9140     9.9153     67.374     68.829    1461.90    1461.91     2.9744     2.8883    40.3380    39.1730  0.000e+00
      49595     68.500     9.2768     9.2827    1.53006    1.53017          1     1.7331     1.2966      22.46      0.463     0.1631     1.0477  1.866e-04  0.0897000    13.1118    13.1107    -0.0011     0.0059  1010.3243  1010.3227    10.0028    10.0012     67.869     69.333    1461.63    1461.65     2.8567     2.7796    38.6760    37.6360  0.000e+00
