file_explorer/tests/test_data/local/cnv/SBE09_1387_20220918_1305_77SE_16_0847.cnv
* Sea-Bird SBE 9 Data File:
* FileName = L:\nytt_ctd_format\2022\SBE09_1387_20220918_1302_77SE_16_0847.hex
* Software Version Seasave V 7.26.7.121
* Temperature SN = 5351
* Conductivity SN = 3941
* Number of Bytes Per Scan = 41
* Number of Voltage Words = 4
* Number of Scans Averaged by the Deck Unit = 1
* NMEA Latitude = 55 22.96 N
* NMEA Longitude = 015 20.06 E
* NMEA UTC (Time) = Sep 18 2022  13:05:36
* NMEA baud rate = 4800
** Station: BY4 CHRISTIANS
** Operator: HBjo
** Ship: 77SE Svea
** Average sound velocity: 1462.36 m/s
** True-depth calculation Tue, 20 Sep 2022 06:54:58 +0000
** Cruise: 77SE-2022-16
** Latitud [GG MM.mm N]:
** Longitude [GG MM.mm E]:
** Pumps: PrimaryPump: 6060 # SecondaryPump: 6061
** EventIDs: EventID:  # ParentEventID:
** Additional Sampling:
** Metadata admin: MPROG: NATL # PROJ: BAS # ORDERER: HAV, SMHI # SLABO: SMHI # ALABO: SMHI # REFSK: HC-B-B8, HC-C-C2, OM7
** Metadata conditions: WADEP_BOT: 94.0 # WADEP: 93 # WINSP: 4.8 # WINDIR: 30 # AIRPRES: 1000 # AIRTEMP: 14.05 # WEATH: 2 # CLOUD: 8 # WAVES: 2 # ICEOB: 0 # COMNT_VISIT:
** LIMS Job: 20227710-0847
# nquan = 32
# nvalues = 176
# units = specified
# name 0 = scan: Scan Count
# name 1 = prDM: Pressure, Digiquartz [db]
# name 2 = t090C: Temperature [ITS-90, deg C]
# name 3 = t190C: Temperature, 2 [ITS-90, deg C]
# name 4 = c0S/m: Conductivity [S/m]
# name 5 = c1S/m: Conductivity, 2 [S/m]
# name 6 = pumps: Pump Status
# name 7 = sbeox0V: Oxygen raw, SBE 43 [V]
# name 8 = sbeox1V: Oxygen raw, SBE 43, 2 [V]
# name 9 = altM: Altimeter [m]
# name 10 = dz/dtM: Descent Rate [m/s]
# name 11 = flECO-AFL: Chl-a Fluorescence, WET Labs ECO-AFL/FL [mg/m^3]
# name 12 = flECO-AFL1: Phycocyanin Fluorescence, WET Labs ECO-AFL/FL, 2 [mg/m^3]
# name 13 = par: PAR/Irradiance, Biospherical/Licor [µE/(cm^2*s)]
# name 14 = turbWETntu0: Turbidity, WET Labs ECO [NTU]
# name 15 = sal00: Salinity, Practical [PSU]
# name 16 = sal11: Salinity, Practical, 2 [PSU]
# name 17 = secS-priS: Salinity, Practical, Difference, 2 - 1 [PSU]
# name 18 = T2-T190C: Temperature Difference, 2 - 1 [ITS-90, deg C]
# name 19 = density00: Density [density, kg/m^3]
# name 20 = density11: Density, 2 [density, kg/m^3]
# name 21 = sigma-t00: Density [sigma-t, kg/m^3 ]
# name 22 = sigma-t11: Density, 2 [sigma-t, kg/m^3 ]
# name 23 = depSM: Depth [salt water, m], lat = 55.3827
# name 24 = depFM: Depth [true depth, m], lat = 55.3827
# name 25 = svCM: Sound Velocity [Chen-Millero, m/s]
# name 26 = svCM1: Sound Velocity, 2 [Chen-Millero, m/s]
# name 27 = sbeox0ML/L: Oxygen, SBE 43 [ml/l], WS = 2
# name 28 = sbeox1ML/L: Oxygen, SBE 43, 2 [ml/l], WS = 2
# name 29 = sbeox0PS: Oxygen, SBE 43 [% saturation], WS = 2
# name 30 = sbeox1PS: Oxygen, SBE 43, 2 [% saturation], WS = 2
# name 31 = flag: flag
# span 0 =      46066,      53346
# span 1 =      1.500,     89.000
# span 2 =     5.4538,    16.9531
# span 3 =     5.4580,    16.9519
# span 4 =   0.839477,   1.651186
# span 5 =   0.839566,   1.651327
# span 6 =          1,          1
# span 7 =     0.7210,     3.3810
# span 8 =     0.5251,     2.6417
# span 9 =       0.80,      91.80
# span 10 =     -0.153,      0.506
# span 11 =     0.1333,     2.0170
# span 12 =    -0.1086,   140.6698
# span 13 = 1.4100e-04, 2.5632e+02
# span 14 =     0.0712,     3.1685
# span 15 =     7.5188,    14.6846
# span 16 =     7.5194,    14.6849
# span 17 =    -0.0120,     0.0108
# span 18 =    -0.0221,     0.1332
# span 19 =  1004.5920,  1011.7662
# span 20 =  1004.5920,  1011.7662
# span 21 =     4.5812,    11.3473
# span 22 =     4.5817,    11.3474
# span 23 =      1.486,     88.176
# span 24 =      1.521,     89.986
# span 25 =    1438.87,    1481.46
# span 26 =    1438.88,    1481.47
# span 27 =     0.0581,     6.6559
# span 28 =     0.0693,     6.6585
# span 29 =      0.775,     98.739
# span 30 =      0.924,     99.465
# span 31 = 0.0000e+00, 0.0000e+00
# interval = decibars: 0.5
# start_time = Sep 18 2022 13:05:37 [NMEA time, first data scan]
# bad_flag = -9.990e-29
*END*
[from data line 136]
      49646     69.500     8.7289     8.7298    1.52294    1.52306          1     1.6637     1.2481      21.44      0.472     0.1666     1.1030  2.053e-04  0.1024000    13.2471    13.2479     0.0008     0.0009  1010.4951  1010.4956    10.1681    10.1686     68.860     70.341    1459.66    1459.66     2.6998     2.6439    36.1200    35.3740  0.000e+00
      49671     70.000     8.7823     8.7807    1.53853    1.53852          1     1.6114     1.2058      20.91      0.487     0.1692     1.1245  2.146e-04  0.1132000    13.3741    13.3746     0.0005    -0.0016  1010.5906  1010.5911    10.2614    10.2619     69.355     70.846    1460.03    1460.03     2.5479     2.4883    34.1560    33.3570  0.000e+00
      49696     70.500     8.9361     8.9375    1.55486    1.55483          1     1.5488     1.1534      20.35      0.486     0.1706     1.0605  2.058e-04  0.1153000    13.4699    13.4691    -0.0008     0.0014  1010.6507  1010.6499    10.3194    10.3187     69.850     71.350    1460.76    1460.77     2.3624     2.2917    31.8040    30.8520  0.000e+00
      49722     71.000     9.0706     9.0759    1.57048    1.57070          1     1.4642     1.0807      19.89      0.465     0.1701     0.9817  2.066e-04  0.1104000    13.5656    13.5657     0.0001     0.0053  1010.7126  1010.7120    10.3792    10.3787     70.346     71.854    1461.42    1461.44     2.1186     2.0260    28.6280    27.3790  0.000e+00
      49748     71.500     9.2212     9.2247    1.58767    1.58812          1     1.3753     1.0051      19.31      0.458     0.1747     1.0795  2.061e-04  0.1134000    13.6693    13.6721     0.0029     0.0035  1010.7784  1010.7802    10.4431    10.4449     70.841     72.358    1462.14    1462.16     1.8638     1.7521    25.2890    23.7760  0.000e+00
      49772     72.000     9.1297     9.1250    1.59345    1.59347          1     1.2914     0.9366      18.84      0.482     0.1851     1.2120  1.771e-04  0.1146000    13.7583    13.7603     0.0020    -0.0046  1010.8605  1010.8626    10.5227    10.5247     71.336     72.862    1461.90    1461.88     1.6347     1.5145    22.1500    20.5200  0.000e+00
      49797     72.500     8.6808     8.6823    1.58183    1.58195          1     1.2173     0.8809      18.27      0.493     0.1936     1.2011  2.032e-04  0.1218000    13.8222    13.8228     0.0006     0.0015  1010.9626  1010.9629    10.6217    10.6220     71.831     73.366    1460.22    1460.23     1.4456     1.3334    19.3910    17.8860  0.000e+00
      49822     73.000     8.5273     8.5271    1.58625    1.58657          1     1.1618     0.8425      17.73      0.478     0.2540     1.1925  1.749e-04  0.1402000    13.9243    13.9273     0.0030    -0.0001  1011.0611  1011.0635    10.7176    10.7200     72.327     73.869    1459.75    1459.75     1.2948     1.2010    17.3160    16.0620  0.000e+00
      49849     73.500     8.4522     8.4551    1.58631    1.58649          1     1.1242     0.8180      17.21      0.456     0.2061     1.2311  1.823e-04  0.1754000    13.9543    13.9548     0.0005     0.0029  1011.0948  1011.0949    10.7489    10.7490     72.822     74.373    1459.50    1459.51     1.1912     1.1155    15.9060    14.8970  0.000e+00
      49876     74.000     8.2842     8.2840    1.58061    1.58071          1     1.0826     0.7866      16.74      0.447     0.1953     1.1527  2.066e-04  0.1937000    13.9659    13.9669     0.0011    -0.0002  1011.1238  1011.1246    10.7753    10.7761     73.317     74.877    1458.85    1458.85     1.0787     1.0075    14.3500    13.4020  0.000e+00
      49902     74.500     8.0248     8.0252    1.57400    1.57415          1     1.0308     0.7432      16.20      0.456     0.2081     1.1622  1.973e-04  0.1633000    14.0052    14.0066     0.0014     0.0003  1011.1835  1011.1846    10.8322    10.8332     73.813     75.381    1457.87    1457.87     0.9389     0.8575    12.4150    11.3390  0.000e+00
      49927     75.000     8.1623     8.1662    1.58832    1.58876          1     0.9572     0.6788      15.71      0.466     0.2080     1.2479  2.153e-04  0.2557000    14.0884    14.0911     0.0027     0.0040  1011.2368  1011.2385    10.8835    10.8851     74.308     75.885    1458.53    1458.55     0.7268     0.6223     9.6470     8.2610  0.000e+00
      49952     75.500     7.9580     7.9697    1.58619    1.58666          1     0.8857     0.6237      15.15      0.478     0.2202     1.2436  1.995e-04  0.2459000    14.1498    14.1497    -0.0001     0.0117  1011.3079  1011.3066    10.9518    10.9505     74.803     76.389    1457.80    1457.84     0.5270     0.4262     6.9650     5.6340  0.000e+00
      49977     76.000     8.0149     8.0189    1.60042    1.60078          1     0.8342     0.5889      14.68      0.480     0.2496     1.2655  2.037e-04  0.3710000    14.2645    14.2663     0.0018     0.0040  1011.3941  1011.3952    11.0358    11.0369     75.299     76.892    1458.17    1458.19     0.3797     0.2999     5.0280     3.9720  0.000e+00
      50003     76.500     8.0548     8.0578    1.60468    1.60485          1     0.8003     0.5685      14.12      0.469     0.2589     0.9787  2.148e-04  0.4963000    14.2893    14.2898     0.0004     0.0029  1011.4118  1011.4119    11.0513    11.0513     75.794     77.396    1458.37    1458.38     0.2831     0.2261     3.7530     2.9980  0.000e+00
      50029     77.000     8.0644     8.0673    1.60672    1.60693          1     0.7795     0.5571      13.65      0.468     0.2684     1.2556  2.150e-04  0.6247000    14.3050    14.3060     0.0009     0.0029  1011.4255  1011.4259    11.0626    11.0630     76.289     77.900    1458.44    1458.45     0.2242     0.1848     2.9730     2.4510  0.000e+00
      50053     77.500     8.0648     8.0677    1.61116    1.61151          1     0.7663     0.5505      13.10      0.478     0.2784     1.4599  2.055e-04  1.5595000    14.3478    14.3500     0.0022     0.0029  1011.4612  1011.4626    11.0960    11.0974     76.784     78.403    1458.50    1458.51     0.1866     0.1610     2.4760     2.1360  0.000e+00
      50079     78.000     8.0783     8.0814    1.61676    1.61701          1     0.7572     0.5463      12.57      0.478     0.2949     1.2709  2.062e-04  2.6392000    14.3963    14.3974     0.0011     0.0032  1011.5000  1011.5005    11.1325    11.1330     77.280     78.907    1458.62    1458.63     0.1608     0.1458     2.1340     1.9350  0.000e+00
      50105     78.500     8.0896     8.0926    1.61969    1.61989          1     0.7511     0.5433      12.06      0.467     0.3036     1.3941  2.236e-04  3.1215000    14.4199    14.4207     0.0008     0.0031  1011.5196  1011.5199    11.1498    11.1501     77.775     79.411    1458.70    1458.72     0.1436     0.1351     1.9060     1.7940  0.000e+00
      50130     79.000     8.0925     8.0953    1.62080    1.62098          1     0.7466     0.5410      11.55      0.475     0.2969     1.3065  2.236e-04  3.1685000    14.4293    14.4300     0.0007     0.0028  1011.5290  1011.5293    11.1569    11.1571     78.270     79.914    1458.74    1458.75     0.1307     0.1265     1.7360     1.6810  0.000e+00
      50155     79.500     8.0917     8.0944    1.62141    1.62159          1     0.7435     0.5392      11.05      0.481     0.3016     1.2627  2.086e-04  3.1410000    14.4355    14.4361     0.0006     0.0027  1011.5363  1011.5365    11.1618    11.1620     78.766     80.418    1458.75    1458.76     0.1219     0.1203     1.6190     1.5980  0.000e+00
      50180     80.000     8.1113     8.1151    1.62572    1.62638          1     0.7409     0.5380      10.50      0.476     0.3092     1.4783  2.065e-04  3.0517000    14.4689    14.4738     0.0048     0.0038  1011.5627  1011.5661    11.1859    11.1893     79.261     80.922    1458.88    1458.90     0.1144     0.1158     1.5210     1.5390  0.000e+00
      50206     80.500     8.1647     8.1687    1.64494    1.64543          1     0.7389     0.5368       9.97      0.462     0.3111     1.2321  2.208e-04  2.6937000    14.6326    14.6357     0.0031     0.0040  1011.6873  1011.6893    11.3083    11.3103     79.756     81.425    1459.30    1459.32     0.1086     0.1112     1.4460     1.4820  0.000e+00
      50233     81.000     8.1782     8.1808    1.65046    1.65052          1     0.7370     0.5361       9.45      0.446     0.3241     1.3950  2.236e-04  2.0333000    14.6803    14.6798    -0.0005     0.0027  1011.7255  1011.7248    11.3442    11.3436     80.251     81.929    1459.42    1459.43     0.1033     0.1086     1.3770     1.4480  0.000e+00
      50260     81.500     8.1786     8.1816    1.65064    1.65081          1     0.7358     0.5353       8.96      0.446     0.3327     1.3860  2.236e-04  2.0135000    14.6818    14.6821     0.0004     0.0030  1011.7289  1011.7289    11.3453    11.3453     80.747     82.432    1459.43    1459.44     0.0998     0.1058     1.3300     1.4110  0.000e+00
      50289     82.000     8.1789     8.1818    1.65071    1.65087          1     0.7347     0.5342       8.40      0.430     0.3363     1.1776  2.236e-04  2.0120000    14.6822    14.6825     0.0004     0.0028  1011.7316  1011.7315    11.3456    11.3456     81.242     82.936    1459.44    1459.45     0.0966     0.1018     1.2880     1.3570  0.000e+00
      50317     82.500     8.1793     8.1821    1.65076    1.65092          1     0.7338     0.5339       7.88      0.425     0.3445     1.2774  2.236e-04  2.0128000    14.6824    14.6828     0.0004     0.0029  1011.7341  1011.7341    11.3458    11.3458     81.737     83.440    1459.45    1459.46     0.0941     0.1009     1.2550     1.3450  0.000e+00
      50344     83.000     8.1799     8.1828    1.65087    1.65103          1     0.7329     0.5330       7.38      0.437     0.3345     1.3635  2.236e-04  2.0159000    14.6831    14.6834     0.0003     0.0029  1011.7369  1011.7368    11.3462    11.3462     82.233     83.943    1459.46    1459.47     0.0917     0.0977     1.2220     1.3020  0.000e+00
      50375     83.500     8.1799     8.1830    1.65088    1.65106          1     0.7320     0.5329       6.82      0.406     0.3337     1.4201  2.236e-04  2.0110000    14.6830    14.6835     0.0005     0.0031  1011.7392  1011.7392    11.3462    11.3462     82.728     84.447    1459.47    1459.48     0.0893     0.0972     1.1900     1.2950  0.000e+00
      50412     84.000     8.1802     8.1833    1.65095    1.65113          1     0.7316     0.5323       6.27      0.341     0.3434     1.3804  2.136e-04  2.0135000    14.6835    14.6840     0.0005     0.0031  1011.7419  1011.7419    11.3465    11.3466     83.223     84.950    1459.48    1459.49     0.0879     0.0951     1.1720     1.2670  0.000e+00
      50459     84.500     8.1803     8.1837    1.65099    1.65095          1     0.7305     0.5319       5.73      0.253     0.3395     1.3375  2.234e-04  1.9604000    14.6837    14.6819    -0.0018     0.0034  1011.7444  1011.7426    11.3467    11.3449     83.718     85.454    1459.49    1459.50     0.0850     0.0935     1.1340     1.2460  0.000e+00
      50512     85.000     8.1802     8.1836    1.65102    1.65117          1     0.7295     0.5316       5.21      0.227     0.3402     1.3034  2.236e-04  1.9624000    14.6839    14.6840     0.0000     0.0033  1011.7469  1011.7466    11.3469    11.3465     84.214     85.957    1459.50    1459.51     0.0822     0.0927     1.0960     1.2350  0.000e+00
      50564     85.500     8.1803     8.1835    1.65104    1.65121          1     0.7290     0.5310       4.71      0.230     0.3394     1.1938  2.236e-04  1.9743000    14.6840    14.6844     0.0004     0.0032  1011.7493  1011.7493    11.3469    11.3469     84.709     86.461    1459.50    1459.52     0.0808     0.0904     1.0770     1.2050  0.000e+00
      50612     86.000     8.1803     8.1835    1.65105    1.65120          1     0.7285     0.5308       4.19      0.250     0.3434     1.3007  2.195e-04  1.9660000    14.6839    14.6841     0.0002     0.0032  1011.7516  1011.7514    11.3468    11.3467     85.204     86.964    1459.51    1459.53     0.0792     0.0895     1.0550     1.1930  0.000e+00
      50668     86.500     8.1803     8.1834    1.65107    1.65126          1     0.7280     0.5305       3.65      0.211     0.3339     1.2607  2.236e-04  1.9587000    14.6841    14.6845     0.0005     0.0031  1011.7540  1011.7541    11.3469    11.3470     85.699     87.468    1459.52    1459.53     0.0779     0.0886     1.0390     1.1810  0.000e+00
      50721     87.000     8.1803     8.1833    1.65111    1.65128          1     0.7274     0.5300       3.14      0.227     0.3391     1.2824  2.236e-04  1.9754000    14.6843    14.6847     0.0004     0.0030  1011.7566  1011.7566    11.3471    11.3472     86.195     87.972    1459.53    1459.54     0.0762     0.0870     1.0160     1.1600  0.000e+00
      50932     87.500     8.1804     8.1833    1.65111    1.65129          1     0.7267     0.5294       2.62      0.209     0.3326     1.2903  7.580e-04  1.9434000    14.6841    14.6847     0.0005     0.0029  1011.7588  1011.7589    11.3470    11.3471     86.690     88.475    1459.54    1459.55     0.0742     0.0846     0.9890     1.1280  0.000e+00
      51975     88.000     8.1804     8.1833    1.65111    1.65128          1     0.7232     0.5270       2.12      0.189     0.3373     1.3448  3.804e-03  1.9445000    14.6841    14.6845     0.0004     0.0029  1011.7611  1011.7611    11.3470    11.3470     87.185     88.979    1459.54    1459.56     0.0643     0.0759     0.8570     1.0120  0.000e+00
      52075     88.500     8.1803     8.1831    1.65111    1.65129          1     0.7227     0.5268       1.58      0.230     0.3365     1.3401  4.223e-03  1.9907000    14.6840    14.6846     0.0006     0.0028  1011.7634  1011.7636    11.3469    11.3471     87.681     89.482    1459.55    1459.56     0.0630     0.0752     0.8400     1.0020  0.000e+00
      53346     89.000     8.1804     8.1828    1.65119    1.65133          1     0.7210     0.5251       0.80     -0.153     0.3447     1.2372  1.498e-03  1.7882000    14.6846    14.6849     0.0004     0.0024  1011.7662  1011.7662    11.3473    11.3474     88.176     89.986    1459.56    1459.57     0.0581     0.0693     0.7750     0.9240  0.000e+00
