tests/test_data/local/raw/SBE09_1387_20220918_1305_77SE_16_0847.ros
* Sea-Bird SBE 9 Data File:
* FileName = L:\nytt_ctd_format\2022\SBE09_1387_20220918_1302_77SE_16_0847.hex
* Software Version Seasave V 7.26.7.121
* Temperature SN = 5351
* Conductivity SN = 3941
* Number of Bytes Per Scan = 41
* Number of Voltage Words = 4
* Number of Scans Averaged by the Deck Unit = 1
* NMEA Latitude = 55 22.96 N
* NMEA Longitude = 015 20.06 E
* NMEA UTC (Time) = Sep 18 2022  13:05:36
* NMEA baud rate = 4800
** Station: BY4 CHRISTIANS
** Operator: HBjo
** Ship: 77SE Svea
** Cruise: 77SE-2022-16
** Latitud [GG MM.mm N]:
** Longitude [GG MM.mm E]:
** Pumps: PrimaryPump: 6060 # SecondaryPump: 6061
** EventIDs: EventID:  # ParentEventID:
** Additional Sampling:
** Metadata admin: MPROG: NATL # PROJ: BAS # ORDERER: HAV, SMHI # SLABO: SMHI # ALABO: SMHI # REFSK: HC-B-B8, HC-C-C2, OM7
** Metadata conditions: WADEP_BOT: 94.0 # WADEP: 93 # WINSP: 4.8 # WINDIR: 30 # AIRPRES: 1000 # AIRTEMP: 14.05 # WEATH: 2 # CLOUD: 8 # WAVES: 2 # ICEOB: 0 # COMNT_VISIT:
** LIMS Job: 20227710-0847
# nquan = 17
# nvalues = 587                                   
# units = specified
# name 0 = scan: Scan Count
# name 1 = prDM: Pressure, Digiquartz [db]
# name 2 = t090C: Temperature [ITS-90, deg C]
# name 3 = t190C: Temperature, 2 [ITS-90, deg C]
# name 4 = c0S/m: Conductivity [S/m]
# name 5 = c1S/m: Conductivity, 2 [S/m]
# name 6 = pumps: Pump Status
# name 7 = sbeox0V: Oxygen raw, SBE 43 [V]
# name 8 = sbeox1V: Oxygen raw, SBE 43, 2 [V]
# name 9 = altM: Altimeter [m]
# name 10 = dz/dtM: Descent Rate [m/s]
# name 11 = flECO-AFL: Fluorescence, WET Labs ECO-AFL/FL [mg/m^3]
# name 12 = flECO-AFL1: Fluorescence, WET Labs ECO-AFL/FL, 2 [mg/m^3]
# name 13 = par: PAR/Irradiance, Biospherical/Licor
# name 14 = turbWETntu0: Turbidity, WET Labs ECO [NTU]
# name 15 = nbf: Bottles Fired
# name 16 = flag:  0.000e+00
# interval = seconds: 0.0416667
# start_time = Sep 18 2022 13:05:37 [NMEA time, first data scan]
# bad_flag = -9.990e-29
*END*
      57325     80.064     8.1116     8.1182   1.624673   1.625404          1     0.7185     0.5233      10.21      0.011     0.3056     1.3531 5.3701e-02     2.8623          1  0.000e+00
      57326     80.065     8.1116     8.1182   1.624678   1.625389          1     0.7185     0.5233      10.21      0.012     0.3056     1.3067 5.6725e-02     2.8684          1  0.000e+00
      57327     80.073     8.1118     8.1186   1.624683   1.625389          1     0.7185     0.5233      10.23      0.014     0.3056     1.3531 5.6725e-02     2.8684          1  0.000e+00
      57328     80.065     8.1121     8.1187   1.624694   1.625414          1     0.7185     0.5233      10.21      0.015     0.3056     1.3531 5.5962e-02     2.8684          1  0.000e+00
      57329     80.073     8.1124     8.1182   1.624734   1.625471          1     0.7185     0.5233      10.23      0.016     0.3056     1.3067 5.5583e-02     2.8684          1  0.000e+00
      57330     80.065     8.1129     8.1184   1.624785   1.625507          1     0.7185     0.5233      10.21      0.017     0.3179     1.3531 5.5204e-02     2.8684          1  0.000e+00
      57331     80.073     8.1131     8.1181   1.624831   1.625471          1     0.7173     0.5233      10.21      0.017     0.3056     1.3531 5.3701e-02     2.8623          1  0.000e+00
      57332     80.065     8.1129     8.1182   1.624857   1.625445          1     0.7173     0.5233      10.21      0.018     0.3056     1.3067 5.1845e-02     2.8684          1  0.000e+00
      57333     80.073     8.1130     8.1180   1.624867   1.625399          1     0.7173     0.5233      10.21      0.019     0.3179     1.3531 5.1476e-02     2.8745          1  0.000e+00
      57334     80.074     8.1129     8.1180   1.624877   1.625389          1     0.7185     0.5233      10.21      0.019     0.3056     1.3531 5.2955e-02     2.8745          1  0.000e+00
      57335     80.074     8.1129     8.1186   1.624872   1.625389          1     0.7185     0.5233      10.21      0.020     0.3179     1.3531 5.5583e-02     2.8807          1  0.000e+00
      57336     80.064     8.1131     8.1184   1.624918   1.625389          1     0.7185     0.5233      10.21      0.020     0.3056     1.3531 5.5962e-02     2.8807          1  0.000e+00
      57337     80.074     8.1135     8.1184   1.624979   1.625373          1     0.7173     0.5233      10.21      0.020     0.3056     1.3531 5.3327e-02     2.8807          1  0.000e+00
      57338     80.073     8.1134     8.1185   1.625066   1.625368          1     0.7173     0.5233      10.21      0.020     0.3179     1.3531 4.7852e-02     2.8807          1  0.000e+00
      57339     80.074     8.1134     8.1186   1.625086   1.625353          1     0.7185     0.5233      10.21      0.020     0.3056     1.3995 4.6078e-02     2.8745          1  0.000e+00
      57340     80.073     8.1137     8.1182   1.625086   1.625363          1     0.7185     0.5233      10.21      0.020     0.3056     1.3995 4.6784e-02     2.8745          1  0.000e+00
      57341     80.074     8.1135     8.1182   1.625061   1.625338          1     0.7185     0.5233      10.21      0.021     0.3179     1.3531 4.8569e-02     2.8807          1  0.000e+00
      57342     80.073     8.1136     8.1180   1.625010   1.625358          1     0.7185     0.5233      10.21      0.020     0.3056     1.3531 4.9290e-02     2.8807          1  0.000e+00
      57343     80.074     8.1134     8.1181   1.625030   1.625368          1     0.7185     0.5233      10.21      0.021     0.3056     1.3531 5.0378e-02     2.8745          1  0.000e+00
      57344     80.073     8.1135     8.1177   1.625163   1.625353          1     0.7185     0.5233      10.21      0.020     0.3179     1.3995 5.6725e-02     2.8807          1  0.000e+00
      57345     80.074     8.1140     8.1180   1.625295   1.625363          1     0.7185     0.5233      10.23      0.020     0.3056     1.3531 6.0210e-02     2.8745          1  0.000e+00
      57346     80.073     8.1142     8.1180   1.625326   1.625368          1     0.7173     0.5233      10.21      0.019     0.3056     1.3995 6.0210e-02     2.8745          1  0.000e+00
      57347     80.074     8.1140     8.1183   1.625336   1.625368          1     0.7185     0.5233      10.23      0.019     0.3056     1.3531 5.7108e-02     2.8745          1  0.000e+00
      57348     80.073     8.1150     8.1182   1.625423   1.625368          1     0.7185     0.5233      10.23      0.018     0.3056     1.3995 5.5583e-02     2.8807          1  0.000e+00
      57349     80.074     8.1166     8.1182   1.625514   1.625353          1     0.7173     0.5233      10.23      0.018     0.3056     1.3995 5.5204e-02     2.8807          1  0.000e+00
      57350     80.064     8.1176     8.1182   1.625627   1.625348          1     0.7173     0.5233      10.23      0.017     0.3179     1.3531 5.3701e-02     2.8807          1  0.000e+00
      57351     80.074     8.1179     8.1181   1.625749   1.625348          1     0.7173     0.5233      10.21      0.016     0.3056     1.3995 5.2214e-02     2.8807          1  0.000e+00
      57352     80.073     8.1177     8.1179   1.625846   1.625348          1     0.7185     0.5233      10.23      0.015     0.3056     1.3531 5.1845e-02     2.8807          1  0.000e+00
      57353     80.065     8.1177     8.1179   1.625836   1.625363          1     0.7185     0.5233      10.23      0.014     0.3179     1.3531 5.6725e-02     2.8745          1  0.000e+00
      57354     80.074     8.1177     8.1179   1.625882   1.625338          1     0.7173     0.5233      10.21      0.013     0.3056     1.3531 6.0602e-02     2.8807          1  0.000e+00
      57355     80.064     8.1179     8.1179   1.625978   1.625338          1     0.7173     0.5233      10.21      0.012     0.3056     1.3531 6.1391e-02     2.8745          1  0.000e+00
      57356     80.074     8.1181     8.1179   1.626147   1.625343          1     0.7173     0.5233      10.21      0.011     0.3179     1.3995 5.8263e-02     2.8807          1  0.000e+00
      57357     80.073     8.1187     8.1180   1.626361   1.625348          1     0.7185     0.5233      10.21      0.011     0.3056     1.3531 5.4075e-02     2.8745          1  0.000e+00
      57358     80.065     8.1201     8.1179   1.626595   1.625317          1     0.7185     0.5233      10.21      0.010     0.3056     1.3531 5.3327e-02     2.8807          1  0.000e+00
      57359     80.064     8.1208     8.1180   1.626764   1.625338          1     0.7185     0.5233      10.21      0.009     0.3179     1.3995 5.2584e-02     2.8745          1  0.000e+00
      57360     80.074     8.1211     8.1176   1.626830   1.625317          1     0.7185     0.5233      10.23      0.008     0.3179     1.3531 5.1109e-02     2.8929          1  0.000e+00
      57361     80.064     8.1211     8.1177   1.626907   1.625338          1     0.7173     0.5233      10.21      0.007     0.3301     1.3995 5.0743e-02     2.9051          1  0.000e+00
      57362     80.065     8.1213     8.1177   1.626993   1.625333          1     0.7173     0.5233      10.21      0.005     0.3179     1.4459 5.1476e-02     2.9051          1  0.000e+00
      57363     80.064     8.1212     8.1179   1.627049   1.625317          1     0.7185     0.5233      10.23      0.005     0.3179     1.4459 5.3327e-02     2.9112          1  0.000e+00
      57364     80.065     8.1212     8.1178   1.627111   1.625312          1     0.7185     0.5233      10.23      0.004     0.3179     1.4923 5.4075e-02     2.9051          1  0.000e+00
      57365     80.064     8.1213     8.1176   1.627146   1.625281          1     0.7185     0.5233      10.21      0.003     0.3179     1.4459 5.3701e-02     2.9051          1  0.000e+00
      57366     80.065     8.1214     8.1177   1.626942   1.625261          1     0.7185     0.5233      10.21      0.002     0.3301     1.4923 5.2214e-02     2.9051          1  0.000e+00
      57367     80.064     8.1191     8.1177   1.626412   1.625287          1     0.7173     0.5233      10.21      0.001     0.3179     1.4459 5.1476e-02     2.9112          1  0.000e+00
      57368     80.055     8.1168     8.1175   1.625902   1.625281          1     0.7173     0.5233      10.21     -0.001     0.3301     1.4923 5.1476e-02     2.9112          1  0.000e+00
      57369     80.064     8.1153     8.1176   1.625565   1.625276          1     0.7185     0.5233      10.23     -0.001     0.3179     1.4923 5.0743e-02     2.9112          1  0.000e+00
      57370     80.065     8.1140     8.1174   1.625418   1.625261          1     0.7185     0.5233      10.23     -0.002     0.3301     1.4459 5.0014e-02     2.9112          1  0.000e+00
      57371     80.055     8.1134     8.1173   1.625362   1.625256          1     0.7185     0.5233      10.23     -0.003     0.3179     1.4459 5.0378e-02     2.9051          1  0.000e+00
      57372     80.055     8.1127     8.1175   1.625300   1.625256          1     0.7185     0.5233      10.23     -0.004     0.3301     1.4923 5.4075e-02     2.9051          1  0.000e+00
      57373     80.065     8.1126     8.1174   1.625158   1.625225          1     0.7173     0.5233      10.21     -0.005     0.3179     1.4923 5.6725e-02     2.9112          1  0.000e+00
      60807     70.017     8.9555     8.9664   1.556440   1.556680          1     1.5223     1.1463      20.63      0.007     0.1835     1.2603 2.2359e-04     0.0968          2  0.000e+00
      60808     70.004     8.9550     8.9671   1.556470   1.556695          1     1.5223     1.1463      20.63      0.008     0.1958     1.2139 2.2359e-04     0.1029          2  0.000e+00
      60809     70.007     8.9537     8.9680   1.556450   1.556706          1     1.5223     1.1463      20.66      0.009     0.1958     1.2603 4.3238e-07     0.1029          2  0.000e+00
      60810     70.017     8.9526     8.9685   1.556440   1.556781          1     1.5223     1.1463      20.66      0.010     0.1835     1.2139 2.2359e-04     0.0968          2  0.000e+00
      60811     70.007     8.9548     8.9687   1.556455   1.556807          1     1.5223     1.1463      20.63      0.010     0.1835     1.2603 2.2359e-04     0.0968          2  0.000e+00
      60812     70.007     8.9565     8.9683   1.556445   1.556832          1     1.5211     1.1463      20.63      0.011     0.1958     1.2603 4.3238e-07     0.1029          2  0.000e+00
      60813     70.023     8.9576     8.9687   1.556480   1.556867          1     1.5211     1.1463      20.63      0.012     0.1958     1.2603 4.3238e-07     0.1029          2  0.000e+00
      60814     69.997     8.9562     8.9686   1.556480   1.556862          1     1.5223     1.1463      20.63      0.012     0.1835     1.2139 2.2359e-04     0.0968          2  0.000e+00
      60815     70.026     8.9570     8.9687   1.556556   1.556842          1     1.5211     1.1463      20.63      0.014     0.1835     1.2603 2.2359e-04     0.0968          2  0.000e+00
      60816     70.026     8.9593     8.9682   1.556621   1.556837          1     1.5211     1.1463      20.63      0.015     0.1835     1.3067 2.2359e-04     0.1029          2  0.000e+00
      60817     70.004     8.9608     8.9680   1.556636   1.556842          1     1.5211     1.1463      20.63      0.015     0.1835     1.3067 2.2359e-04     0.1029          2  0.000e+00
      60818     70.026     8.9617     8.9671   1.556641   1.556827          1     1.5211     1.1463      20.63      0.016     0.1958     1.3067 2.2359e-04     0.0968          2  0.000e+00
      60819     70.017     8.9615     8.9675   1.556666   1.556827          1     1.5211     1.1451      20.63      0.017     0.1958     1.3067 4.3238e-07     0.1029          2  0.000e+00
      60820     70.026     8.9610     8.9678   1.556677   1.556796          1     1.5211     1.1463      20.63      0.018     0.1835     1.3067 2.2359e-04     0.0968          2  0.000e+00
      60821     70.017     8.9606     8.9690   1.556661   1.556786          1     1.5211     1.1463      20.63      0.018     0.1835     1.3067 2.2359e-04     0.0968          2  0.000e+00
      60822     70.023     8.9604     8.9696   1.556641   1.556796          1     1.5211     1.1463      20.63      0.019     0.1958     1.3067 2.2359e-04     0.0968          2  0.000e+00
      60823     70.026     8.9596     8.9699   1.556621   1.556776          1     1.5211     1.1463      20.63      0.020     0.1835     1.2603 2.2359e-04     0.1029          2  0.000e+00
      60824     70.017     8.9590     8.9698   1.556661   1.556796          1     1.5211     1.1463      20.61      0.020     0.1958     1.3067 2.2359e-04     0.1029          2  0.000e+00
      60825     70.036     8.9588     8.9698   1.556661   1.556807          1     1.5199     1.1463      20.61      0.021     0.1958     1.3067 2.2359e-04     0.1029          2  0.000e+00
      60826     70.023     8.9596     8.9699   1.556712   1.556807          1     1.5199     1.1463      20.61      0.021     0.1835     1.3067 2.2359e-04     0.0968          2  0.000e+00
      60827     70.026     8.9604     8.9698   1.556687   1.556776          1     1.5199     1.1463      20.61      0.022     0.1835     1.2603 2.2359e-04     0.0968          2  0.000e+00
      60828     70.026     8.9599     8.9699   1.556672   1.556766          1     1.5199     1.1463      20.61      0.023     0.1958     1.3067 4.3238e-07     0.1029          2  0.000e+00
      60829     70.026     8.9594     8.9698   1.556672   1.556781          1     1.5199     1.1463      20.61      0.022     0.1835     1.2603 2.2359e-04     0.1029          2  0.000e+00
      60830     70.026     8.9599     8.9698   1.556661   1.556817          1     1.5199     1.1463      20.61      0.022     0.1835     1.2603 2.2359e-04     0.1029          2  0.000e+00
      60831     70.033     8.9595     8.9698   1.556656   1.556837          1     1.5199     1.1463      20.61      0.023     0.1835     1.3067 2.2359e-04     0.1029          2  0.000e+00
      60832     70.026     8.9598     8.9696   1.556641   1.556842          1     1.5199     1.1451      20.63      0.023     0.1835     1.3067 2.2359e-04     0.0968          2  0.000e+00
      60833     70.036     8.9599     8.9696   1.556641   1.556867          1     1.5187     1.1463      20.61      0.023     0.1835     1.3067 2.2359e-04     0.0968          2  0.000e+00
      60834     70.026     8.9600     8.9698   1.556661   1.556832          1     1.5187     1.1463      20.61      0.023     0.1958     1.3067 2.2359e-04     0.1029          2  0.000e+00
      60835     70.026     8.9604     8.9701   1.556631   1.556862          1     1.5187     1.1451      20.61      0.023     0.1958     1.3067 2.2359e-04     0.1029          2  0.000e+00
      60836     70.033     8.9607     8.9701   1.556636   1.556877          1     1.5187     1.1451      20.61      0.023     0.1835     1.3067 2.2359e-04     0.0968          2  0.000e+00
      60837     70.026     8.9612     8.9703   1.556626   1.556877          1     1.5187     1.1451      20.61      0.023     0.1835     1.3067 2.2359e-04     0.0968          2  0.000e+00
      60838     70.036     8.9612     8.9698   1.556621   1.556918          1     1.5187     1.1451      20.61      0.022     0.1713     1.3067 2.2359e-04     0.0968          2  0.000e+00
      60839     70.026     8.9613     8.9696   1.556636   1.556933          1     1.5187     1.1451      20.61      0.022     0.1835     1.3067 2.2359e-04     0.0968          2  0.000e+00
      60840     70.033     8.9612     8.9696   1.556636   1.556902          1     1.5175     1.1451      20.61      0.022     0.1835     1.2603 4.3238e-07     0.1029          2  0.000e+00
      60841     70.026     8.9613     8.9693   1.556636   1.556892          1     1.5175     1.1463      20.61      0.021     0.1713     1.2603 2.2359e-04     0.0968          2  0.000e+00
      60842     70.026     8.9625     8.9698   1.556626   1.556908          1     1.5175     1.1451      20.61      0.020     0.1835     1.2603 2.2359e-04     0.1029          2  0.000e+00
