tests/test_data/local/raw/SBE09_1387_20220918_1305_77SE_16_0847.ros
* Sea-Bird SBE 9 Data File:
* FileName = L:\nytt_ctd_format\2022\SBE09_1387_20220918_1302_77SE_16_0847.hex
* Software Version Seasave V 7.26.7.121
* Temperature SN = 5351
* Conductivity SN = 3941
* Number of Bytes Per Scan = 41
* Number of Voltage Words = 4
* Number of Scans Averaged by the Deck Unit = 1
* NMEA Latitude = 55 22.96 N
* NMEA Longitude = 015 20.06 E
* NMEA UTC (Time) = Sep 18 2022  13:05:36
* NMEA baud rate = 4800
** Station: BY4 CHRISTIANS
** Operator: HBjo
** Ship: 77SE Svea
** Cruise: 77SE-2022-16
** Latitud [GG MM.mm N]:
** Longitude [GG MM.mm E]:
** Pumps: PrimaryPump: 6060 # SecondaryPump: 6061
** EventIDs: EventID:  # ParentEventID:
** Additional Sampling:
** Metadata admin: MPROG: NATL # PROJ: BAS # ORDERER: HAV, SMHI # SLABO: SMHI # ALABO: SMHI # REFSK: HC-B-B8, HC-C-C2, OM7
** Metadata conditions: WADEP_BOT: 94.0 # WADEP: 93 # WINSP: 4.8 # WINDIR: 30 # AIRPRES: 1000 # AIRTEMP: 14.05 # WEATH: 2 # CLOUD: 8 # WAVES: 2 # ICEOB: 0 # COMNT_VISIT:
** LIMS Job: 20227710-0847
# nquan = 17
# nvalues = 587                                   
# units = specified
# name 0 = scan: Scan Count
# name 1 = prDM: Pressure, Digiquartz [db]
# name 2 = t090C: Temperature [ITS-90, deg C]
# name 3 = t190C: Temperature, 2 [ITS-90, deg C]
# name 4 = c0S/m: Conductivity [S/m]
# name 5 = c1S/m: Conductivity, 2 [S/m]
# name 6 = pumps: Pump Status
# name 7 = sbeox0V: Oxygen raw, SBE 43 [V]
# name 8 = sbeox1V: Oxygen raw, SBE 43, 2 [V]
# name 9 = altM: Altimeter [m]
# name 10 = dz/dtM: Descent Rate [m/s]
# name 11 = flECO-AFL: Fluorescence, WET Labs ECO-AFL/FL [mg/m^3]
# name 12 = flECO-AFL1: Fluorescence, WET Labs ECO-AFL/FL, 2 [mg/m^3]
# name 13 = par: PAR/Irradiance, Biospherical/Licor
# name 14 = turbWETntu0: Turbidity, WET Labs ECO [NTU]
# name 15 = nbf: Bottles Fired
# name 16 = flag:  0.000e+00
# interval = seconds: 0.0416667
# start_time = Sep 18 2022 13:05:37 [NMEA time, first data scan]
# bad_flag = -9.990e-29
*END*
[from data line 256]
      71985     30.540     7.2522     7.2469   0.883755   0.883717          1     2.7891     2.1480      61.86     -0.001     0.2812     1.3531 2.0240e-01     0.0846          6  0.000e+00
      71986     30.550     7.2510     7.2466   0.883734   0.883691          1     2.7891     2.1480      61.86     -0.000     0.2812     1.3531 2.0320e-01     0.0846          6  0.000e+00
      71987     30.555     7.2513     7.2452   0.883764   0.883686          1     2.7879     2.1480      61.86      0.001     0.2812     1.3531 2.0320e-01     0.0907          6  0.000e+00
      71988     30.550     7.2521     7.2417   0.883829   0.883504          1     2.7891     2.1468      61.86      0.001     0.2812     1.3531 2.0320e-01     0.0907          6  0.000e+00
      71989     30.550     7.2521     7.2369   0.883838   0.883378          1     2.7891     2.1480      61.86      0.002     0.2812     1.3531 2.0399e-01     0.0846          6  0.000e+00
      71990     30.550     7.2501     7.2346   0.883742   0.883291          1     2.7891     2.1480      61.86      0.002     0.2812     1.3531 2.0720e-01     0.0907          6  0.000e+00
      71991     30.555     7.2483     7.2359   0.883643   0.883422          1     2.7891     2.1480      61.86      0.003     0.2812     1.3531 2.0962e-01     0.0907          6  0.000e+00
      71992     30.550     7.2490     7.2390   0.883704   0.883565          1     2.7891     2.1480      61.86      0.003     0.2812     1.3531 2.0962e-01     0.0907          6  0.000e+00
      71993     30.559     7.2524     7.2420   0.883851   0.883704          1     2.7879     2.1480      61.83      0.005     0.2934     1.3531 2.0320e-01     0.1029          6  0.000e+00
      71994     30.559     7.2550     7.2442   0.883924   0.883708          1     2.7891     2.1480      61.86      0.006     0.2812     1.3531 2.0004e-01     0.1029          6  0.000e+00
      71995     30.555     7.2541     7.2458   0.883859   0.883769          1     2.7891     2.1480      61.86      0.006     0.2934     1.3531 2.0004e-01     0.1029          6  0.000e+00
      71996     30.550     7.2519     7.2464   0.883768   0.883721          1     2.7879     2.1480      61.86      0.006     0.2934     1.3531 2.0399e-01     0.0968          6  0.000e+00
      71997     30.559     7.2511     7.2456   0.883773   0.883686          1     2.7891     2.1480      61.83      0.007     0.2934     1.3531 2.0800e-01     0.0968          6  0.000e+00
      71998     30.564     7.2527     7.2425   0.883868   0.883504          1     2.7891     2.1480      61.83      0.008     0.2934     1.3531 2.0800e-01     0.1029          6  0.000e+00
      71999     30.559     7.2558     7.2375   0.883963   0.883352          1     2.7891     2.1480      61.83      0.009     0.2934     1.3531 2.0720e-01     0.1029          6  0.000e+00
      72000     30.559     7.2586     7.2327   0.884071   0.883157          1     2.7879     2.1480      61.83      0.009     0.2934     1.3531 2.0559e-01     0.1029          6  0.000e+00
      72001     30.559     7.2593     7.2296   0.884062   0.883118          1     2.7879     2.1480      61.83      0.010     0.2934     1.3531 2.0559e-01     0.1029          6  0.000e+00
      72002     30.564     7.2558     7.2292   0.883877   0.883139          1     2.7891     2.1480      61.83      0.011     0.2934     1.3531 2.0479e-01     0.1029          6  0.000e+00
      72003     30.559     7.2513     7.2304   0.883717   0.883239          1     2.7891     2.1480      61.86      0.011     0.2812     1.3531 2.0399e-01     0.0968          6  0.000e+00
      72004     30.559     7.2492     7.2317   0.883660   0.883252          1     2.7891     2.1480      61.83      0.012     0.2934     1.3531 2.0320e-01     0.0968          6  0.000e+00
      72005     30.568     7.2468     7.2325   0.883591   0.883287          1     2.7891     2.1480      61.83      0.012     0.2934     1.3531 2.0320e-01     0.1029          6  0.000e+00
      72006     30.575     7.2433     7.2332   0.883440   0.883300          1     2.7879     2.1480      61.83      0.013     0.2934     1.3531 2.0240e-01     0.0968          6  0.000e+00
      72007     30.568     7.2408     7.2348   0.883392   0.883391          1     2.7891     2.1480      61.83      0.013     0.2934     1.3531 2.0240e-01     0.0968          6  0.000e+00
      72008     30.568     7.2433     7.2361   0.883518   0.883400          1     2.7879     2.1480      61.86      0.014     0.2934     1.3531 2.0240e-01     0.0968          6  0.000e+00
      72009     30.568     7.2483     7.2348   0.883730   0.883356          1     2.7879     2.1480      61.86      0.015     0.2812     1.3531 2.0320e-01     0.0968          6  0.000e+00
      72010     30.575     7.2537     7.2301   0.883941   0.883131          1     2.7879     2.1468      61.86      0.015     0.2934     1.2139 2.0399e-01     0.1029          6  0.000e+00
      72011     30.568     7.2559     7.2248   0.883993   0.882979          1     2.7879     2.1480      61.86      0.015     0.2934     1.1211 2.0399e-01     0.0968          6  0.000e+00
      72012     30.579     7.2547     7.2212   0.883911   0.882875          1     2.7879     2.1480      61.86      0.017     0.2812     1.0747 2.0559e-01     0.1029          6  0.000e+00
      72013     30.579     7.2497     7.2212   0.883730   0.882970          1     2.7891     2.1480      61.86      0.017     0.2934     1.1211 2.0639e-01     0.0968          6  0.000e+00
      72014     30.575     7.2430     7.2230   0.883479   0.883070          1     2.7891     2.1480      61.86      0.018     0.2934     1.1211 2.0559e-01     0.1029          6  0.000e+00
      72015     30.579     7.2368     7.2238   0.883267   0.883105          1     2.7879     2.1480      61.86      0.019     0.2934     1.1211 2.0161e-01     0.0968          6  0.000e+00
      72016     30.579     7.2348     7.2238   0.883224   0.883061          1     2.7879     2.1480      61.86      0.019     0.2934     1.1211 1.9925e-01     0.1029          6  0.000e+00
      72017     30.584     7.2342     7.2220   0.883245   0.882996          1     2.7879     2.1480      61.86      0.020     0.2934     1.1211 1.9847e-01     0.1029          6  0.000e+00
      72018     30.579     7.2345     7.2214   0.883289   0.882983          1     2.7879     2.1468      61.86      0.020     0.2934     1.1211 2.0320e-01     0.1029          6  0.000e+00
      72019     30.588     7.2363     7.2228   0.883384   0.883048          1     2.7891     2.1468      61.86      0.020     0.2934     1.1211 2.0639e-01     0.0968          6  0.000e+00
      72020     30.588     7.2378     7.2218   0.883423   0.882992          1     2.7891     2.1468      61.81      0.022     0.3056     1.1211 2.0720e-01     0.0968          6  0.000e+00
      72021     30.584     7.2357     7.2180   0.883336   0.882827          1     2.7891     2.1468      61.78      0.022     0.3056     1.1211 2.0479e-01     0.0968          6  0.000e+00
      72022     30.588     7.2323     7.2146   0.883250   0.882762          1     2.7879     2.1480      61.78      0.023     0.3056     1.1211 2.0320e-01     0.0907          6  0.000e+00
      74895     20.692    16.7089    16.7056   1.123586   1.123684          1     3.2275     2.4924      72.01     -0.009     1.1848     1.4923 1.4771e+00     0.1945          7  0.000e+00
      74896     20.681    16.7096    16.7056   1.123568   1.123675          1     3.2275     2.4924      72.01     -0.010     1.1848     1.4923 1.4771e+00     0.1883          7  0.000e+00
      74897     20.681    16.7102    16.7049   1.123577   1.123661          1     3.2275     2.4924      72.01     -0.010     1.1848     1.4923 1.4771e+00     0.1945          7  0.000e+00
      74898     20.681    16.7107    16.7046   1.123595   1.123661          1     3.2275     2.4924      72.01     -0.010     1.2092     1.4923 1.4771e+00     0.2006          7  0.000e+00
      74899     20.681    16.7111    16.7044   1.123586   1.123670          1     3.2275     2.4924      72.01     -0.011     1.2580     1.4923 1.4771e+00     0.2189          7  0.000e+00
      74900     20.681    16.7105    16.7054   1.123581   1.123693          1     3.2275     2.4924      72.01     -0.011     1.2702     1.4923 1.4815e+00     0.2250          7  0.000e+00
      74901     20.681    16.7105    16.7078   1.123568   1.123749          1     3.2275     2.4912      72.01     -0.011     1.2702     1.4923 1.4815e+00     0.2250          7  0.000e+00
      74902     20.672    16.7100    16.7104   1.123577   1.123776          1     3.2275     2.4924      72.01     -0.012     1.2702     1.5387 1.4815e+00     0.2311          7  0.000e+00
      74903     20.681    16.7095    16.7119   1.123568   1.123790          1     3.2275     2.4912      72.01     -0.012     1.2702     1.4923 1.4815e+00     0.2250          7  0.000e+00
      74904     20.681    16.7093    16.7130   1.123600   1.123809          1     3.2275     2.4924      72.01     -0.012     1.2702     1.4923 1.4771e+00     0.2189          7  0.000e+00
      74905     20.672    16.7085    16.7134   1.123563   1.123790          1     3.2275     2.4912      72.01     -0.012     1.2702     1.4923 1.4815e+00     0.2250          7  0.000e+00
      74906     20.672    16.7079    16.7138   1.123577   1.123767          1     3.2275     2.4912      72.01     -0.013     1.2702     1.4923 1.4771e+00     0.2250          7  0.000e+00
      74907     20.672    16.7083    16.7139   1.123591   1.123767          1     3.2287     2.4912      72.01     -0.013     1.2702     1.4923 1.4727e+00     0.2250          7  0.000e+00
      74908     20.681    16.7082    16.7140   1.123586   1.123772          1     3.2287     2.4912      72.01     -0.013     1.2702     1.4923 1.4727e+00     0.2250          7  0.000e+00
      74909     20.672    16.7079    16.7141   1.123559   1.123799          1     3.2275     2.4912      72.01     -0.013     1.2702     1.5387 1.4771e+00     0.2250          7  0.000e+00
      74910     20.672    16.7075    16.7141   1.123577   1.123786          1     3.2287     2.4912      72.01     -0.014     1.2702     1.4923 1.4815e+00     0.2250          7  0.000e+00
      74911     20.681    16.7069    16.7143   1.123545   1.123813          1     3.2287     2.4912      72.01     -0.014     1.2702     1.4923 1.4815e+00     0.2250          7  0.000e+00
      74912     20.672    16.7061    16.7141   1.123513   1.123818          1     3.2287     2.4899      72.01     -0.013     1.2702     1.4923 1.4858e+00     0.2250          7  0.000e+00
      74913     20.672    16.7047    16.7141   1.123494   1.123809          1     3.2287     2.4899      72.01     -0.014     1.2702     1.4923 1.4858e+00     0.2250          7  0.000e+00
      74914     20.672    16.7041    16.7143   1.123481   1.123795          1     3.2287     2.4899      72.01     -0.014     1.2702     1.5851 1.4858e+00     0.2250          7  0.000e+00
      74915     20.672    16.7022    16.7138   1.123467   1.123818          1     3.2287     2.4899      72.01     -0.014     1.2702     1.6315 1.4858e+00     0.2250          7  0.000e+00
      74916     20.672    16.7034    16.7123   1.123448   1.123809          1     3.2287     2.4887      72.01     -0.014     1.2702     1.5851 1.4858e+00     0.2189          7  0.000e+00
      74917     20.672    16.7042    16.7121   1.123435   1.123786          1     3.2275     2.4887      72.01     -0.014     1.2702     1.6315 1.4858e+00     0.2250          7  0.000e+00
      74918     20.672    16.7031    16.7128   1.123448   1.123767          1     3.2275     2.4887      72.01     -0.014     1.2702     1.6315 1.4858e+00     0.2250          7  0.000e+00
      74919     20.672    16.7003    16.7136   1.123471   1.123753          1     3.2287     2.4887      72.01     -0.014     1.2702     1.5851 1.4903e+00     0.2250          7  0.000e+00
      74920     20.672    16.7002    16.7134   1.123476   1.123744          1     3.2287     2.4887      72.01     -0.014     1.2702     1.5851 1.4903e+00     0.2250          7  0.000e+00
      74921     20.672    16.7020    16.7141   1.123490   1.123735          1     3.2287     2.4887      72.04     -0.013     1.2702     1.6315 1.4903e+00     0.2250          7  0.000e+00
      74922     20.672    16.7053    16.7141   1.123490   1.123744          1     3.2287     2.4887      72.01     -0.013     1.2702     1.6315 1.4903e+00     0.2250          7  0.000e+00
      74923     20.672    16.7079    16.7141   1.123526   1.123703          1     3.2287     2.4887      72.01     -0.013     1.2702     1.5851 1.4903e+00     0.2250          7  0.000e+00
      74924     20.672    16.7095    16.7140   1.123545   1.123730          1     3.2275     2.4887      72.01     -0.013     1.2702     1.6315 1.4903e+00     0.2250          7  0.000e+00
      74925     20.672    16.7103    16.7136   1.123540   1.123716          1     3.2275     2.4887      72.01     -0.012     1.2824     1.6315 1.4903e+00     0.2189          7  0.000e+00
      74926     20.663    16.7107    16.7131   1.123545   1.123707          1     3.2275     2.4887      72.01     -0.013     1.3313     1.5851 1.4858e+00     0.2067          7  0.000e+00
      74927     20.681    16.7112    16.7125   1.123549   1.123693          1     3.2275     2.4887      72.01     -0.011     1.3435     1.5851 1.4858e+00     0.2006          7  0.000e+00
      74928     20.663    16.7115    16.7123   1.123540   1.123707          1     3.2275     2.4899      72.01     -0.012     1.3435     1.5851 1.4858e+00     0.2006          7  0.000e+00
      74929     20.672    16.7115    16.7105   1.123536   1.123684          1     3.2287     2.4899      72.01     -0.011     1.3435     1.5851 1.4858e+00     0.2006          7  0.000e+00
      74930     20.672    16.7119    16.7083   1.123554   1.123661          1     3.2287     2.4899      72.01     -0.011     1.3435     1.5851 1.4903e+00     0.2006          7  0.000e+00
      74931     20.672    16.7117    16.7078   1.123577   1.123693          1     3.2275     2.4899      72.01     -0.010     1.3435     1.6315 1.4858e+00     0.2006          7  0.000e+00
      74932     20.672    16.7115    16.7080   1.123545   1.123693          1     3.2275     2.4912      72.01     -0.010     1.3435     1.5851 1.4815e+00     0.1945          7  0.000e+00
      74933     20.672    16.7112    16.7066   1.123559   1.123675          1     3.2287     2.4912      72.01     -0.010     1.3435     1.5851 1.4815e+00     0.2006          7  0.000e+00
      74934     20.672    16.7114    16.7057   1.123563   1.123661          1     3.2287     2.4912      72.01     -0.009     1.3435     1.6315 1.4858e+00     0.2006          7  0.000e+00
      74935     20.666    16.7114    16.7056   1.123545   1.123661          1     3.2275     2.4912      72.01     -0.009     1.3435     1.6315 1.4903e+00     0.2006          7  0.000e+00
      74936     20.663    16.7114    16.7052   1.123513   1.123670          1     3.2287     2.4912      72.01     -0.009     1.3435     1.5851 1.4903e+00     0.2006          7  0.000e+00
      74937     20.672    16.7109    16.7035   1.123503   1.123634          1     3.2287     2.4912      72.01     -0.009     1.3435     1.5851 1.4903e+00     0.2006          7  0.000e+00
      74938     20.672    16.7102    16.7011   1.123503   1.123597          1     3.2275     2.4924      72.01     -0.008     1.3435     1.6315 1.4903e+00     0.2006          7  0.000e+00
      74939     20.672    16.7080    16.7003   1.123485   1.123597          1     3.2287     2.4924      72.01     -0.008     1.3313     1.5851 1.4947e+00     0.2006          7  0.000e+00
      74940     20.672    16.7057    16.7008   1.123485   1.123601          1     3.2287     2.4924      72.01     -0.007     1.3435     1.6315 1.4903e+00     0.1945          7  0.000e+00
