tests/test_data/local/raw/SBE09_1387_20220918_1305_77SE_16_0847.ros
* Sea-Bird SBE 9 Data File:
* FileName = L:\nytt_ctd_format\2022\SBE09_1387_20220918_1302_77SE_16_0847.hex
* Software Version Seasave V 7.26.7.121
* Temperature SN = 5351
* Conductivity SN = 3941
* Number of Bytes Per Scan = 41
* Number of Voltage Words = 4
* Number of Scans Averaged by the Deck Unit = 1
* NMEA Latitude = 55 22.96 N
* NMEA Longitude = 015 20.06 E
* NMEA UTC (Time) = Sep 18 2022  13:05:36
* NMEA baud rate = 4800
** Station: BY4 CHRISTIANS
** Operator: HBjo
** Ship: 77SE Svea
** Cruise: 77SE-2022-16
** Latitud [GG MM.mm N]:
** Longitude [GG MM.mm E]:
** Pumps: PrimaryPump: 6060 # SecondaryPump: 6061
** EventIDs: EventID:  # ParentEventID:
** Additional Sampling:
** Metadata admin: MPROG: NATL # PROJ: BAS # ORDERER: HAV, SMHI # SLABO: SMHI # ALABO: SMHI # REFSK: HC-B-B8, HC-C-C2, OM7
** Metadata conditions: WADEP_BOT: 94.0 # WADEP: 93 # WINSP: 4.8 # WINDIR: 30 # AIRPRES: 1000 # AIRTEMP: 14.05 # WEATH: 2 # CLOUD: 8 # WAVES: 2 # ICEOB: 0 # COMNT_VISIT:
** LIMS Job: 20227710-0847
# nquan = 17
# nvalues = 587                                   
# units = specified
# name 0 = scan: Scan Count
# name 1 = prDM: Pressure, Digiquartz [db]
# name 2 = t090C: Temperature [ITS-90, deg C]
# name 3 = t190C: Temperature, 2 [ITS-90, deg C]
# name 4 = c0S/m: Conductivity [S/m]
# name 5 = c1S/m: Conductivity, 2 [S/m]
# name 6 = pumps: Pump Status
# name 7 = sbeox0V: Oxygen raw, SBE 43 [V]
# name 8 = sbeox1V: Oxygen raw, SBE 43, 2 [V]
# name 9 = altM: Altimeter [m]
# name 10 = dz/dtM: Descent Rate [m/s]
# name 11 = flECO-AFL: Fluorescence, WET Labs ECO-AFL/FL [mg/m^3]
# name 12 = flECO-AFL1: Fluorescence, WET Labs ECO-AFL/FL, 2 [mg/m^3]
# name 13 = par: PAR/Irradiance, Biospherical/Licor
# name 14 = turbWETntu0: Turbidity, WET Labs ECO [NTU]
# name 15 = nbf: Bottles Fired
# name 16 = flag:  0.000e+00
# interval = seconds: 0.0416667
# start_time = Sep 18 2022 13:05:37 [NMEA time, first data scan]
# bad_flag = -9.990e-29
*END*
[from data line 426]
      80207     10.849    16.7363    16.7383   1.113973   1.114095          1     3.3252     2.5803      82.12      0.008     2.0028     0.9355 1.3868e+01     0.2921          9  0.000e+00
      80208     10.838    16.7364    16.7383   1.113955   1.114113          1     3.3252     2.5803      82.12      0.007     2.0028     0.9355 1.3829e+01     0.2921          9  0.000e+00
      80209     10.838    16.7365    16.7385   1.113950   1.114090          1     3.3252     2.5803      82.12      0.008     2.0150     0.9355 1.3829e+01     0.2921          9  0.000e+00
      80210     10.838    16.7363    16.7386   1.113968   1.114100          1     3.3252     2.5803      82.12      0.007     2.0150     0.9355 1.3829e+01     0.2921          9  0.000e+00
      80211     10.847    16.7364    16.7388   1.113978   1.114077          1     3.3252     2.5803      82.12      0.008     2.0150     0.9355 1.3829e+01     0.2921          9  0.000e+00
      80212     10.838    16.7362    16.7385   1.113964   1.114072          1     3.3252     2.5803      82.12      0.008     2.0150     0.9355 1.3790e+01     0.2921          9  0.000e+00
      80213     10.849    16.7366    16.7388   1.113982   1.114072          1     3.3252     2.5803      82.12      0.008     2.0150     0.9355 1.3790e+01     0.2921          9  0.000e+00
      80214     10.838    16.7364    16.7385   1.113959   1.114058          1     3.3252     2.5791      82.12      0.008     2.0150     0.9355 1.3790e+01     0.2921          9  0.000e+00
      80215     10.847    16.7365    16.7383   1.113959   1.114077          1     3.3252     2.5803      82.12      0.008     2.0150     0.9355 1.3790e+01     0.2921          9  0.000e+00
      80216     10.838    16.7363    16.7387   1.113973   1.114072          1     3.3252     2.5791      82.15      0.008     2.0150     0.9355 1.3790e+01     0.2921          9  0.000e+00
      80217     10.849    16.7365    16.7385   1.113978   1.114058          1     3.3239     2.5791      82.17      0.008     2.0150     0.9355 1.3751e+01     0.2921          9  0.000e+00
      80218     10.849    16.7363    16.7388   1.113973   1.114077          1     3.3239     2.5791      82.17      0.009     2.0150     0.9355 1.3751e+01     0.2921          9  0.000e+00
      80219     10.838    16.7364    16.7388   1.113964   1.114109          1     3.3239     2.5791      82.17      0.008     2.0150     0.9355 1.3751e+01     0.2921          9  0.000e+00
      80220     10.847    16.7367    16.7386   1.113964   1.114104          1     3.3252     2.5791      82.17      0.009     2.0150     0.9355 1.3751e+01     0.2921          9  0.000e+00
      80221     10.849    16.7368    16.7388   1.113973   1.114104          1     3.3252     2.5791      82.17      0.008     2.0150     0.9355 1.3751e+01     0.2921          9  0.000e+00
      82864      5.945    16.9118    16.9111   1.107946   1.108151          1     3.3703     2.6230      87.16      0.017     2.0639     0.8427 5.0754e+01     0.3288         10  0.000e+00
      82865      5.939    16.9119    16.9107   1.107896   1.108147          1     3.3703     2.6230      87.16      0.017     2.0639     0.7963 5.0897e+01     0.3288         10  0.000e+00
      82866      5.945    16.9122    16.9108   1.107864   1.108137          1     3.3703     2.6230      87.16      0.018     2.0639     0.8891 5.0754e+01     0.3288         10  0.000e+00
      82867      5.945    16.9128    16.9104   1.107869   1.108151          1     3.3715     2.6230      87.16      0.018     2.0639     0.9819 5.0754e+01     0.3288         10  0.000e+00
      82868      5.945    16.9131    16.9109   1.107827   1.108160          1     3.3703     2.6230      87.18      0.018     2.0761     0.9819 5.0754e+01     0.3288         10  0.000e+00
      82869      5.934    16.9134    16.9111   1.107800   1.108142          1     3.3703     2.6230      87.18      0.017     2.0639     0.9819 5.0754e+01     0.3288         10  0.000e+00
      82870      5.954    16.9140    16.9113   1.107809   1.108110          1     3.3703     2.6230      87.18      0.019     2.0639     0.9819 5.0754e+01     0.3288         10  0.000e+00
      82871      5.939    16.9141    16.9118   1.107791   1.108101          1     3.3703     2.6242      87.18      0.018     2.0639     0.9355 5.0897e+01     0.3288         10  0.000e+00
      82872      5.945    16.9141    16.9124   1.107786   1.108082          1     3.3703     2.6242      87.18      0.018     2.0639     0.9355 5.0754e+01     0.3288         10  0.000e+00
      82873      5.954    16.9143    16.9137   1.107786   1.108092          1     3.3715     2.6242      87.18      0.018     2.0761     0.9819 5.0754e+01     0.3288         10  0.000e+00
      82874      5.945    16.9147    16.9142   1.107804   1.108073          1     3.3715     2.6242      87.18      0.018     2.0761     0.9819 5.0754e+01     0.3288         10  0.000e+00
      82875      5.945    16.9151    16.9140   1.107809   1.108092          1     3.3715     2.6242      87.18      0.018     2.0639     0.9355 5.0897e+01     0.3288         10  0.000e+00
      82876      5.945    16.9158    16.9135   1.107823   1.108073          1     3.3715     2.6242      87.18      0.017     2.0639     0.9819 5.0754e+01     0.3288         10  0.000e+00
      82877      5.948    16.9157    16.9132   1.107832   1.108055          1     3.3703     2.6242      87.18      0.018     2.0761     0.9819 5.0754e+01     0.3288         10  0.000e+00
      82878      5.945    16.9150    16.9128   1.107832   1.108055          1     3.3715     2.6242      87.18      0.017     2.0639     0.9355 5.0754e+01     0.3288         10  0.000e+00
      82879      5.945    16.9148    16.9136   1.107832   1.108046          1     3.3715     2.6242      87.18      0.017     2.0639     0.9819 5.0754e+01     0.3288         10  0.000e+00
      82880      5.954    16.9142    16.9145   1.107850   1.108032          1     3.3715     2.6254      87.16      0.017     2.0761     0.9819 5.0611e+01     0.3288         10  0.000e+00
      82881      5.945    16.9139    16.9145   1.107846   1.108046          1     3.3728     2.6242      87.18      0.017     2.0761     0.9819 5.0754e+01     0.3288         10  0.000e+00
      82882      5.945    16.9143    16.9145   1.107832   1.108059          1     3.3728     2.6242      87.18      0.016     2.0761     0.9819 5.0754e+01     0.3288         10  0.000e+00
      82883      5.948    16.9143    16.9143   1.107818   1.108092          1     3.3715     2.6242      87.18      0.015     2.0639     0.9355 5.0754e+01     0.3288         10  0.000e+00
      82884      5.945    16.9146    16.9147   1.107768   1.108064          1     3.3728     2.6242      87.18      0.015     2.0639     0.9819 5.0754e+01     0.3288         10  0.000e+00
      82885      5.954    16.9150    16.9149   1.107708   1.108000          1     3.3728     2.6242      87.18      0.015     2.0639     0.9819 5.0754e+01     0.3288         10  0.000e+00
      82886      5.945    16.9155    16.9150   1.107681   1.107991          1     3.3728     2.6242      87.18      0.015     2.0761     0.9355 5.0754e+01     0.3288         10  0.000e+00
      82887      5.945    16.9152    16.9152   1.107750   1.107995          1     3.3728     2.6242      87.18      0.014     2.0639     0.9355 5.0754e+01     0.3166         10  0.000e+00
      82888      5.954    16.9146    16.9159   1.107814   1.107977          1     3.3728     2.6254      87.18      0.014     2.0761     0.9355 5.0754e+01     0.3043         10  0.000e+00
      82889      5.945    16.9134    16.9161   1.107905   1.107977          1     3.3728     2.6254      87.18      0.013     2.0639     0.9355 5.0754e+01     0.2982         10  0.000e+00
      82890      5.939    16.9121    16.9157   1.107987   1.108004          1     3.3728     2.6242      87.18      0.012     2.0639     0.9355 5.0897e+01     0.3043         10  0.000e+00
      82891      5.945    16.9112    16.9150   1.108029   1.108032          1     3.3728     2.6242      87.18      0.011     2.0639     0.8891 5.0754e+01     0.3043         10  0.000e+00
      82892      5.945    16.9106    16.9144   1.108038   1.108078          1     3.3728     2.6242      87.20      0.011     2.0761     0.9355 5.0897e+01     0.3043         10  0.000e+00
      82893      5.954    16.9116    16.9138   1.107946   1.108087          1     3.3728     2.6242      87.23      0.011     2.0639     0.9355 5.0754e+01     0.3043         10  0.000e+00
      82894      5.945    16.9137    16.9145   1.107805   1.108014          1     3.3740     2.6242      87.23      0.010     2.0761     0.9819 5.0754e+01     0.3043         10  0.000e+00
      82895      5.945    16.9151    16.9157   1.107690   1.107954          1     3.3740     2.6242      87.23      0.010     2.0639     0.9355 5.0754e+01     0.3043         10  0.000e+00
      82896      5.939    16.9161    16.9169   1.107640   1.107880          1     3.3740     2.6242      87.23      0.008     2.0761     0.9819 5.0754e+01     0.3043         10  0.000e+00
      82897      5.954    16.9169    16.9176   1.107631   1.107807          1     3.3728     2.6242      87.20      0.008     2.0761     0.9819 5.0754e+01     0.3043         10  0.000e+00
      82898      5.945    16.9168    16.9190   1.107722   1.107757          1     3.3740     2.6242      87.20      0.008     2.0761     0.9819 5.0754e+01     0.3043         10  0.000e+00
      82899      5.945    16.9160    16.9191   1.107795   1.107734          1     3.3740     2.6242      87.23      0.007     2.0639     0.9355 5.0754e+01     0.3043         10  0.000e+00
      82900      5.945    16.9148    16.9195   1.107846   1.107715          1     3.3740     2.6242      87.23      0.006     2.0761     0.9355 5.0754e+01     0.3043         10  0.000e+00
      82901      5.945    16.9147    16.9207   1.107869   1.107637          1     3.3740     2.6254      87.23      0.005     2.0761     0.9819 5.0754e+01     0.3043         10  0.000e+00
      82902      5.939    16.9146    16.9212   1.107804   1.107623          1     3.3728     2.6254      87.20      0.005     2.0639     0.9355 5.0754e+01     0.3043         10  0.000e+00
      82903      5.945    16.9153    16.9225   1.107713   1.107601          1     3.3728     2.6254      87.23      0.004     2.0761     0.9819 5.0897e+01     0.3043         10  0.000e+00
      82904      5.945    16.9159    16.9239   1.107649   1.107582          1     3.3728     2.6254      87.23      0.004     2.0761     0.9355 5.0897e+01     0.3043         10  0.000e+00
      82905      5.945    16.9175    16.9242   1.107603   1.107623          1     3.3728     2.6254      87.23      0.003     2.0761     0.9819 5.0897e+01     0.3043         10  0.000e+00
      82906      5.934    16.9189    16.9223   1.107622   1.107729          1     3.3740     2.6254      87.23      0.002     2.0639     0.9355 5.0897e+01     0.3043         10  0.000e+00
      82907      5.945    16.9195    16.9205   1.107667   1.107802          1     3.3740     2.6254      87.23      0.001     2.0761     0.9819 5.0897e+01     0.3043         10  0.000e+00
      82908      5.948    16.9187    16.9192   1.107713   1.107903          1     3.3740     2.6267      87.23      0.001     2.0761     0.9355 5.0897e+01     0.3043         10  0.000e+00
      82909      5.945    16.9167    16.9181   1.107782   1.107991          1     3.3740     2.6267      87.23      0.001     2.0639     0.9355 5.0897e+01     0.3043         10  0.000e+00
      82910      5.934    16.9146    16.9176   1.107832   1.107958          1     3.3740     2.6267      87.23     -0.000     2.0639     0.9355 5.0897e+01     0.3043         10  0.000e+00
      82911      5.945    16.9137    16.9173   1.107864   1.108014          1     3.3728     2.6267      87.23     -0.001     2.0761     0.9819 5.0897e+01     0.3043         10  0.000e+00
      82912      5.945    16.9128    16.9170   1.107882   1.108018          1     3.3740     2.6279      87.23     -0.001     2.0639     0.9819 5.0897e+01     0.3043         10  0.000e+00
      85628      1.437    16.9227    16.9252   1.106935   1.107017          1     3.3764     2.6254      91.75     -0.056     2.0761     0.6107 2.1375e+02     0.3227         11  0.000e+00
      85629      1.448    16.9226    16.9250   1.106949   1.107049          1     3.3764     2.6254      91.72     -0.053     2.0639     0.5643 2.1375e+02     0.3227         11  0.000e+00
      85630      1.447    16.9223    16.9250   1.106954   1.107063          1     3.3776     2.6254      91.72     -0.051     2.0639     0.6107 2.0959e+02     0.3227         11  0.000e+00
      85631      1.456    16.9221    16.9249   1.106954   1.107036          1     3.3776     2.6254      91.72     -0.047     2.0639     0.6107 2.0608e+02     0.3227         11  0.000e+00
      85632      1.459    16.9221    16.9250   1.106954   1.107054          1     3.3776     2.6254      91.72     -0.043     2.0761     0.6107 2.0550e+02     0.3166         11  0.000e+00
      85633      1.466    16.9217    16.9248   1.106967   1.107049          1     3.3764     2.6254      91.70     -0.039     2.0761     0.6107 2.0377e+02     0.3043         11  0.000e+00
      85634      1.468    16.9220    16.9249   1.106981   1.107036          1     3.3764     2.6254      91.72     -0.034     2.0639     0.6107 2.0263e+02     0.2982         11  0.000e+00
      85635      1.484    16.9219    16.9252   1.106958   1.107045          1     3.3764     2.6254      91.72     -0.028     2.0639     0.6107 2.0206e+02     0.2982         11  0.000e+00
      85636      1.466    16.9216    16.9248   1.106967   1.107036          1     3.3764     2.6266      91.72     -0.024     2.0639     0.6107 2.0206e+02     0.2982         11  0.000e+00
      85637      1.477    16.9215    16.9250   1.106958   1.107031          1     3.3764     2.6266      91.72     -0.019     2.0639     0.5643 2.0206e+02     0.2982         11  0.000e+00
      85638      1.504    16.9214    16.9250   1.106967   1.107063          1     3.3764     2.6266      91.70     -0.013     2.0639     0.6107 2.0206e+02     0.2982         11  0.000e+00
      85639      1.477    16.9214    16.9247   1.106972   1.107054          1     3.3764     2.6266      91.70     -0.008     2.0639     0.7035 2.0206e+02     0.2982         11  0.000e+00
      85640      1.504    16.9213    16.9248   1.106972   1.107049          1     3.3752     2.6254      91.75     -0.002     2.0639     0.7499 2.0320e+02     0.2982         11  0.000e+00
      85641      1.513    16.9211    16.9245   1.106981   1.107077          1     3.3752     2.6266      91.82      0.005     2.0639     0.7499 2.0377e+02     0.2982         11  0.000e+00
      85642      1.505    16.9213    16.9247   1.106940   1.107045          1     3.3764     2.6266      91.82      0.011     2.0639     0.7499 2.0435e+02     0.2982         11  0.000e+00
      85643      1.523    16.9211    16.9246   1.106945   1.107054          1     3.3764     2.6266      91.82      0.017     2.0639     0.7499 2.0435e+02     0.2982         11  0.000e+00
      85644      1.515    16.9211    16.9245   1.106977   1.107082          1     3.3764     2.6254      91.82      0.023     2.0761     0.7499 2.0435e+02     0.2982         11  0.000e+00
      85645      1.532    16.9213    16.9244   1.106972   1.107068          1     3.3764     2.6254      91.82      0.030     2.0761     0.7499 2.0435e+02     0.2982         11  0.000e+00
      85646      1.541    16.9213    16.9245   1.106990   1.107063          1     3.3764     2.6266      91.82      0.036     2.0639     0.7499 2.0492e+02     0.2982         11  0.000e+00
      85647      1.524    16.9213    16.9245   1.106954   1.107072          1     3.3764     2.6254      91.82      0.041     2.0639     0.7499 2.0550e+02     0.2982         11  0.000e+00
