tests/test_data/local/raw/SBE09_1387_20220918_1305_77SE_16_0847.ros
* Sea-Bird SBE 9 Data File:
* FileName = L:\nytt_ctd_format\2022\SBE09_1387_20220918_1302_77SE_16_0847.hex
* Software Version Seasave V 7.26.7.121
* Temperature SN = 5351
* Conductivity SN = 3941
* Number of Bytes Per Scan = 41
* Number of Voltage Words = 4
* Number of Scans Averaged by the Deck Unit = 1
* NMEA Latitude = 55 22.96 N
* NMEA Longitude = 015 20.06 E
* NMEA UTC (Time) = Sep 18 2022  13:05:36
* NMEA baud rate = 4800
** Station: BY4 CHRISTIANS
** Operator: HBjo
** Ship: 77SE Svea
** Cruise: 77SE-2022-16
** Latitud [GG MM.mm N]:
** Longitude [GG MM.mm E]:
** Pumps: PrimaryPump: 6060 # SecondaryPump: 6061
** EventIDs: EventID:  # ParentEventID:
** Additional Sampling:
** Metadata admin: MPROG: NATL # PROJ: BAS # ORDERER: HAV, SMHI # SLABO: SMHI # ALABO: SMHI # REFSK: HC-B-B8, HC-C-C2, OM7
** Metadata conditions: WADEP_BOT: 94.0 # WADEP: 93 # WINSP: 4.8 # WINDIR: 30 # AIRPRES: 1000 # AIRTEMP: 14.05 # WEATH: 2 # CLOUD: 8 # WAVES: 2 # ICEOB: 0 # COMNT_VISIT:
** LIMS Job: 20227710-0847
# nquan = 17
# nvalues = 587                                   
# units = specified
# name 0 = scan: Scan Count
# name 1 = prDM: Pressure, Digiquartz [db]
# name 2 = t090C: Temperature [ITS-90, deg C]
# name 3 = t190C: Temperature, 2 [ITS-90, deg C]
# name 4 = c0S/m: Conductivity [S/m]
# name 5 = c1S/m: Conductivity, 2 [S/m]
# name 6 = pumps: Pump Status
# name 7 = sbeox0V: Oxygen raw, SBE 43 [V]
# name 8 = sbeox1V: Oxygen raw, SBE 43, 2 [V]
# name 9 = altM: Altimeter [m]
# name 10 = dz/dtM: Descent Rate [m/s]
# name 11 = flECO-AFL: Fluorescence, WET Labs ECO-AFL/FL [mg/m^3]
# name 12 = flECO-AFL1: Fluorescence, WET Labs ECO-AFL/FL, 2 [mg/m^3]
# name 13 = par: PAR/Irradiance, Biospherical/Licor
# name 14 = turbWETntu0: Turbidity, WET Labs ECO [NTU]
# name 15 = nbf: Bottles Fired
# name 16 = flag:  0.000e+00
# interval = seconds: 0.0416667
# start_time = Sep 18 2022 13:05:37 [NMEA time, first data scan]
# bad_flag = -9.990e-29
*END*
[from data line 341]
      74942     20.672    16.6964    16.7010   1.123444   1.123606          1     3.2275     2.4924      72.01     -0.007     1.3435     1.7243 1.4858e+00     0.2006          7  0.000e+00
      74943     20.672    16.6915    16.7030   1.123426   1.123601          1     3.2287     2.4924      72.01     -0.006     1.3435     1.7243 1.4903e+00     0.2006          7  0.000e+00
      77416     15.800    16.7234    16.7252   1.121145   1.121243          1     3.2458     2.5034      77.05     -0.025     1.4290     0.8891 4.2513e+00     0.2616          8  0.000e+00
      77417     15.812    16.7235    16.7249   1.121131   1.121248          1     3.2446     2.5021      77.05     -0.025     1.4168     0.8891 4.2513e+00     0.2616          8  0.000e+00
      77418     15.803    16.7232    16.7250   1.121117   1.121266          1     3.2446     2.5034      77.05     -0.025     1.4168     0.8891 4.2513e+00     0.2616          8  0.000e+00
      77419     15.809    16.7234    16.7250   1.121117   1.121243          1     3.2446     2.5034      77.05     -0.025     1.4168     0.8891 4.2513e+00     0.2616          8  0.000e+00
      77420     15.803    16.7234    16.7251   1.121122   1.121243          1     3.2446     2.5009      77.05     -0.025     1.4168     0.8891 4.2513e+00     0.2616          8  0.000e+00
      77421     15.809    16.7235    16.7248   1.121127   1.121225          1     3.2458     2.5034      77.05     -0.025     1.4168     0.8891 4.2513e+00     0.2616          8  0.000e+00
      77422     15.803    16.7234    16.7249   1.121136   1.121239          1     3.2446     2.5021      77.07     -0.025     1.4168     0.8891 4.2635e+00     0.2616          8  0.000e+00
      77423     15.803    16.7234    16.7250   1.121131   1.121248          1     3.2458     2.5009      77.07     -0.025     1.4168     0.8891 4.2635e+00     0.2616          8  0.000e+00
      77424     15.790    16.7234    16.7249   1.121136   1.121248          1     3.2446     2.5034      77.05     -0.026     1.4168     0.8427 4.2635e+00     0.2616          8  0.000e+00
      77425     15.812    16.7234    16.7253   1.121140   1.121303          1     3.2446     2.5021      77.07     -0.025     1.4656     0.8891 4.2635e+00     0.2494          8  0.000e+00
      77426     15.800    16.7234    16.7251   1.121127   1.121280          1     3.2446     2.5021      77.05     -0.025     1.4778     0.9355 4.2513e+00     0.2433          8  0.000e+00
      77427     15.793    16.7234    16.7250   1.121136   1.121266          1     3.2446     2.5034      77.07     -0.025     1.4900     0.9355 4.2513e+00     0.2433          8  0.000e+00
      77428     15.803    16.7235    16.7251   1.121140   1.121252          1     3.2458     2.5021      77.07     -0.025     1.4778     0.9355 4.2513e+00     0.2433          8  0.000e+00
      77429     15.800    16.7235    16.7252   1.121140   1.121271          1     3.2458     2.5034      77.05     -0.025     1.4778     0.9355 4.2513e+00     0.2433          8  0.000e+00
      77430     15.793    16.7232    16.7253   1.121131   1.121289          1     3.2458     2.5021      77.07     -0.025     1.4778     0.9355 4.2513e+00     0.2433          8  0.000e+00
      77431     15.800    16.7235    16.7250   1.121136   1.121312          1     3.2446     2.5034      77.05     -0.025     1.4778     0.9355 4.2513e+00     0.2433          8  0.000e+00
      77432     15.803    16.7232    16.7251   1.121108   1.121280          1     3.2458     2.5034      77.05     -0.024     1.4778     0.9819 4.2513e+00     0.2433          8  0.000e+00
      77433     15.803    16.7234    16.7252   1.121140   1.121285          1     3.2458     2.5034      77.07     -0.023     1.4656     0.9355 4.2513e+00     0.2433          8  0.000e+00
      77434     15.800    16.7234    16.7250   1.121117   1.121317          1     3.2458     2.5034      77.07     -0.023     1.4778     0.9355 4.2392e+00     0.2433          8  0.000e+00
      77435     15.803    16.7234    16.7253   1.121122   1.121326          1     3.2458     2.5034      77.07     -0.022     1.4778     0.9355 4.2392e+00     0.2433          8  0.000e+00
      77436     15.800    16.7234    16.7252   1.121145   1.121298          1     3.2458     2.5034      77.05     -0.021     1.4778     0.9355 4.2392e+00     0.2433          8  0.000e+00
      77437     15.803    16.7234    16.7253   1.121145   1.121312          1     3.2458     2.5046      77.07     -0.020     1.4778     0.9355 4.2392e+00     0.2433          8  0.000e+00
      77438     15.812    16.7234    16.7252   1.121140   1.121308          1     3.2446     2.5046      77.07     -0.019     1.4778     0.9355 4.2392e+00     0.2433          8  0.000e+00
      77439     15.790    16.7232    16.7251   1.121140   1.121294          1     3.2446     2.5046      77.07     -0.019     1.4778     0.9355 4.2392e+00     0.2433          8  0.000e+00
      77440     15.803    16.7234    16.7250   1.121127   1.121303          1     3.2458     2.5046      77.07     -0.018     1.4778     0.9355 4.2392e+00     0.2433          8  0.000e+00
      77441     15.800    16.7234    16.7253   1.121122   1.121294          1     3.2458     2.5046      77.07     -0.018     1.4778     0.9355 4.2270e+00     0.2433          8  0.000e+00
      77442     15.803    16.7232    16.7252   1.121127   1.121317          1     3.2458     2.5046      77.05     -0.017     1.4778     0.9355 4.2270e+00     0.2433          8  0.000e+00
      77443     15.809    16.7232    16.7251   1.121122   1.121312          1     3.2458     2.5058      77.07     -0.016     1.4778     0.9355 4.2270e+00     0.2433          8  0.000e+00
      77444     15.803    16.7234    16.7253   1.121136   1.121326          1     3.2458     2.5058      77.07     -0.014     1.4778     0.9355 4.2270e+00     0.2433          8  0.000e+00
      77445     15.803    16.7234    16.7251   1.121127   1.121312          1     3.2446     2.5058      77.07     -0.013     1.4778     0.9355 4.2270e+00     0.2433          8  0.000e+00
      77446     15.809    16.7232    16.7252   1.121145   1.121294          1     3.2446     2.5058      77.07     -0.012     1.4778     0.9355 4.2150e+00     0.2433          8  0.000e+00
      77447     15.803    16.7234    16.7252   1.121154   1.121271          1     3.2446     2.5058      77.05     -0.012     1.4778     0.9355 4.2150e+00     0.2433          8  0.000e+00
      77448     15.809    16.7234    16.7251   1.121154   1.121285          1     3.2458     2.5058      77.07     -0.010     1.4778     0.9355 4.2150e+00     0.2433          8  0.000e+00
      77449     15.803    16.7232    16.7252   1.121145   1.121294          1     3.2446     2.5058      77.05     -0.009     1.4778     0.9355 4.2029e+00     0.2433          8  0.000e+00
      77450     15.803    16.7232    16.7251   1.121140   1.121312          1     3.2458     2.5058      77.07     -0.008     1.4778     0.8891 4.2029e+00     0.2433          8  0.000e+00
      77451     15.809    16.7234    16.7250   1.121140   1.121321          1     3.2446     2.5058      77.07     -0.007     1.4778     0.7963 4.2029e+00     0.2433          8  0.000e+00
      77452     15.812    16.7230    16.7251   1.121140   1.121312          1     3.2446     2.5058      77.05     -0.005     1.4656     0.7499 4.2029e+00     0.2372          8  0.000e+00
      77453     15.809    16.7235    16.7252   1.121140   1.121308          1     3.2446     2.5058      77.07     -0.005     1.4534     0.7499 4.2029e+00     0.2372          8  0.000e+00
      77454     15.803    16.7232    16.7251   1.121140   1.121308          1     3.2446     2.5058      77.07     -0.004     1.4412     0.7499 4.2029e+00     0.2372          8  0.000e+00
      77455     15.812    16.7235    16.7252   1.121150   1.121308          1     3.2446     2.5058      77.07     -0.003     1.4534     0.7499 4.2029e+00     0.2372          8  0.000e+00
      77456     15.809    16.7236    16.7253   1.121154   1.121317          1     3.2446     2.5058      77.07     -0.002     1.4534     0.7499 4.1909e+00     0.2372          8  0.000e+00
      77457     15.812    16.7229    16.7250   1.121172   1.121321          1     3.2446     2.5058      77.05     -0.001     1.4534     0.7499 4.1909e+00     0.2372          8  0.000e+00
      77458     15.809    16.7223    16.7251   1.121163   1.121298          1     3.2446     2.5058      77.05      0.000     1.4534     0.7499 4.1909e+00     0.2311          8  0.000e+00
      77459     15.812    16.7222    16.7252   1.121163   1.121303          1     3.2446     2.5058      77.05      0.001     1.4534     0.7499 4.1789e+00     0.2372          8  0.000e+00
      77460     15.812    16.7225    16.7252   1.121154   1.121308          1     3.2446     2.5058      77.07      0.002     1.4534     0.7499 4.1789e+00     0.2372          8  0.000e+00
      77461     15.809    16.7227    16.7253   1.121168   1.121294          1     3.2446     2.5046      77.07      0.003     1.4534     0.7499 4.1789e+00     0.2372          8  0.000e+00
      77462     15.812    16.7229    16.7250   1.121159   1.121294          1     3.2446     2.5046      77.07      0.003     1.4534     0.7499 4.1789e+00     0.2372          8  0.000e+00
      77463     15.809    16.7232    16.7241   1.121168   1.121266          1     3.2446     2.5046      77.05      0.004     1.4534     0.7499 4.1669e+00     0.2372          8  0.000e+00
      77464     15.812    16.7230    16.7233   1.121159   1.121248          1     3.2446     2.5046      77.07      0.005     1.4534     0.7499 4.1789e+00     0.2372          8  0.000e+00
      80173     10.838    16.7365    16.7390   1.113987   1.114109          1     3.3252     2.5791      82.17      0.004     1.9784     1.1211 1.3986e+01     0.2982          9  0.000e+00
      80174     10.828    16.7367    16.7390   1.113978   1.114104          1     3.3252     2.5791      82.17      0.005     1.9784     1.1211 1.4026e+01     0.2982          9  0.000e+00
      80175     10.829    16.7370    16.7392   1.113964   1.114113          1     3.3252     2.5803      82.17      0.005     1.9906     1.1211 1.4026e+01     0.2982          9  0.000e+00
      80176     10.829    16.7367    16.7390   1.113973   1.114118          1     3.3252     2.5803      82.17      0.004     1.9784     1.1211 1.4026e+01     0.2982          9  0.000e+00
      80177     10.838    16.7368    16.7390   1.113982   1.114090          1     3.3252     2.5803      82.17      0.005     1.9784     1.1211 1.4026e+01     0.2982          9  0.000e+00
      80178     10.820    16.7365    16.7390   1.113978   1.114109          1     3.3252     2.5803      82.17      0.005     1.9784     1.1211 1.4026e+01     0.2982          9  0.000e+00
      80179     10.828    16.7365    16.7390   1.113978   1.114118          1     3.3252     2.5803      82.17      0.005     1.9906     1.1211 1.4026e+01     0.2982          9  0.000e+00
      80180     10.829    16.7365    16.7388   1.113978   1.114104          1     3.3252     2.5803      82.17      0.005     1.9784     1.1211 1.4065e+01     0.2982          9  0.000e+00
      80181     10.838    16.7364    16.7390   1.113964   1.114113          1     3.3252     2.5803      82.17      0.006     1.9784     1.1211 1.4026e+01     0.2982          9  0.000e+00
      80182     10.838    16.7365    16.7390   1.113973   1.114090          1     3.3252     2.5803      82.17      0.006     1.9906     1.1211 1.4026e+01     0.2982          9  0.000e+00
      80183     10.828    16.7365    16.7390   1.113973   1.114086          1     3.3264     2.5803      82.17      0.006     1.9906     1.1211 1.4065e+01     0.2982          9  0.000e+00
      80184     10.829    16.7362    16.7390   1.113973   1.114086          1     3.3252     2.5803      82.17      0.005     1.9906     1.1211 1.4026e+01     0.2982          9  0.000e+00
      80185     10.838    16.7365    16.7388   1.113978   1.114072          1     3.3252     2.5803      82.17      0.006     1.9906     1.1211 1.4026e+01     0.2982          9  0.000e+00
      80186     10.829    16.7370    16.7390   1.113987   1.114095          1     3.3252     2.5803      82.17      0.005     1.9906     1.1211 1.4026e+01     0.2982          9  0.000e+00
      80187     10.838    16.7375    16.7390   1.113978   1.114090          1     3.3252     2.5803      82.17      0.006     1.9906     1.1211 1.4026e+01     0.2982          9  0.000e+00
      80188     10.828    16.7375    16.7388   1.113987   1.114100          1     3.3252     2.5803      82.17      0.006     1.9784     1.1211 1.4026e+01     0.2982          9  0.000e+00
      80189     10.829    16.7377    16.7386   1.114019   1.114077          1     3.3252     2.5803      82.17      0.006     1.9784     1.1211 1.4026e+01     0.2982          9  0.000e+00
      80190     10.838    16.7375    16.7387   1.113991   1.114095          1     3.3252     2.5803      82.17      0.006     1.9906     1.1211 1.3986e+01     0.2982          9  0.000e+00
      80191     10.829    16.7378    16.7388   1.113978   1.114077          1     3.3252     2.5803      82.17      0.005     1.9784     1.1211 1.3986e+01     0.2982          9  0.000e+00
      80192     10.847    16.7375    16.7387   1.113978   1.114081          1     3.3252     2.5803      82.15      0.006     1.9906     1.1211 1.3986e+01     0.2982          9  0.000e+00
      80193     10.820    16.7377    16.7386   1.113987   1.114072          1     3.3252     2.5803      82.12      0.005     1.9784     1.1211 1.3986e+01     0.2982          9  0.000e+00
      80194     10.849    16.7377    16.7385   1.113968   1.114072          1     3.3252     2.5803      82.12      0.006     1.9906     1.1211 1.3986e+01     0.2982          9  0.000e+00
      80195     10.829    16.7374    16.7381   1.113959   1.114058          1     3.3252     2.5803      82.12      0.006     1.9906     1.1211 1.3986e+01     0.2982          9  0.000e+00
      80196     10.838    16.7374    16.7380   1.113973   1.114067          1     3.3264     2.5803      82.12      0.006     1.9906     1.1211 1.3946e+01     0.2982          9  0.000e+00
      80197     10.838    16.7368    16.7380   1.113987   1.114072          1     3.3252     2.5803      82.12      0.007     2.0028     1.0283 1.3946e+01     0.2921          9  0.000e+00
      80198     10.838    16.7367    16.7380   1.113959   1.114081          1     3.3252     2.5803      82.12      0.007     2.0150     0.9355 1.3946e+01     0.2921          9  0.000e+00
      80199     10.838    16.7365    16.7383   1.113959   1.114072          1     3.3252     2.5803      82.12      0.006     2.0150     0.8891 1.3907e+01     0.2921          9  0.000e+00
      80200     10.838    16.7364    16.7383   1.113982   1.114095          1     3.3252     2.5803      82.12      0.007     2.0150     0.9355 1.3907e+01     0.2921          9  0.000e+00
      80201     10.829    16.7365    16.7385   1.113987   1.114090          1     3.3264     2.5803      82.12      0.006     2.0150     0.9355 1.3907e+01     0.2921          9  0.000e+00
      80202     10.847    16.7365    16.7383   1.113978   1.114072          1     3.3264     2.5803      82.12      0.007     2.0150     0.9355 1.3907e+01     0.2921          9  0.000e+00
      80203     10.838    16.7364    16.7383   1.113978   1.114049          1     3.3252     2.5815      82.12      0.007     2.0150     0.9355 1.3907e+01     0.2921          9  0.000e+00
      80204     10.838    16.7365    16.7380   1.113964   1.114054          1     3.3252     2.5815      82.12      0.007     2.0150     0.9355 1.3907e+01     0.2921          9  0.000e+00
      80205     10.838    16.7365    16.7381   1.113964   1.114067          1     3.3252     2.5803      82.12      0.007     2.0150     0.9355 1.3868e+01     0.2921          9  0.000e+00
