tests/test_data/arkiv_2004/sbe09_0745_20040628_1348_77_14_0420.cnv
* Sea-Bird SBE 9 Data File:
* FileName = C:\data\raw\AR04D420.dat
* Software Version Seasave Win32 V 5.30b
* Temperature SN = 4387
* Conductivity SN = 2994
* Number of Bytes Per Scan = 24
* Number of Voltage Words = 2
* Number of Scans Averaged by the Deck Unit = 1
* NMEA Latitude: No
* NMEA Longitude: No
** True-depth calculation 2005-06-15 05:53:12
** Station: Slaggo
** Operator: 
** Ship: Argos
** Cruise: 2004
** Lat: 58 15.5  Long: 11 26.0, No NMEA, Manual changes in header 2005-06-15 / Arne
** Standard Readable Time = 2004-06-28 13:48:02
** Zip Archived = 2013-09-27 15:33:41
** New FileName = sbe09_0745_20040628_1348_77_14_0420.cnv
# nquan = 21
# nvalues = 132                         
# units = specified
# name 0 = scan: Scan Count
# name 1 = prDM: Pressure, Digiquartz [db]
# name 2 = t090C: Temperature [ITS-90, deg C]
# name 3 = t190C: Temperature, 2 [ITS-90, deg C]
# name 4 = c0S/m: Conductivity [S/m]
# name 5 = c1S/m: Conductivity, 2 [S/m]
# name 6 = flECO-AFL: Fluorescence, Wetlab ECO-AFL/FL [mg/m^3]
# name 7 = pumps: Pump Status
# name 8 = upoly0: Upoly 0, WETLAB NTU
# name 9 = sal00: Salinity [PSU]
# name 10 = sal11: Salinity, 2 [PSU]
# name 11 = secS-priS: Salinity Difference, 2 - 1 [PSU]
# name 12 = T2-T190C: Temperature Difference, 2 - 1 [ITS-90, deg C]
# name 13 = sigma-t00: Density [sigma-t, Kg/m^3 ]
# name 14 = sigma-t11: Density, 2 [sigma-t, Kg/m^3 ]
# name 15 = depSM: Depth [salt water, m], lat = 57
# name 16 = depFM: Depth [true depth, m]
# name 17 = dz/dtM: Descent Rate [m/s], WS = 2
# name 18 = svCM: Sound Velocity [Chen-Millero, m/s]
# name 19 = nbin: number of scans per bin
# name 20 = flag: flag
# span 0 =        932,       2842       
# span 1 =      1.000,     66.500       
# span 2 =     5.8585,    15.3997       
# span 3 =     5.8577,    15.3979       
# span 4 =   3.345337,   3.713680       
# span 5 =   3.345300,   3.713745       
# span 6 =     0.1154,     1.9825       
# span 7 =          1,          1       
# span 8 =  0.5628510,  1.9585909       
# span 9 =    26.8128,    34.0836       
# span 10 =    26.8129,    34.0839      
# span 11 =    -0.0486,     0.0159      
# span 12 =    -0.0732,     0.0498      
# span 13 =    19.5879,    26.8460      
# span 14 =    19.5884,    26.8462      
# span 15 =      0.995,     66.124      
# span 16 =      1.020,     67.811      
# span 17 =      0.056,      1.034      
# span 18 =    1474.02,    1498.53      
# span 19 =         11,         32      
# span 20 = 0.0000e+00, 0.0000e+00      
# interval = decibars: 0.5              
# start_time = Jun 28 2004 13:48:02
# bad_flag = -9.990e-29
*END*
        932      1.000    15.3997    15.3979   3.408880   3.408750     0.9885          1  0.7002477    26.8128    26.8129     0.0001    -0.0018    19.5879    19.5884      0.995      0.998      0.136    1498.47         14 0.0000e+00
       1039      1.500    15.3974    15.3957   3.409053   3.408906     1.0222          1  0.7302276    26.8157    26.8156    -0.0001    -0.0017    19.5906    19.5909      1.492      1.498      0.428    1498.47         26 0.0000e+00
       1059      2.000    15.3916    15.3907   3.409966   3.409485     1.0497          1  0.7545734    26.8274    26.8238    -0.0036    -0.0009    19.6009    19.5983      1.989      1.997      0.551    1498.47         21 0.0000e+00
       1081      2.500    15.3919    15.3884   3.410005   3.410230     1.1084          1  0.7464588    26.8274    26.8317     0.0043    -0.0035    19.6008    19.6048      2.486      2.497      0.535    1498.48         23 0.0000e+00
       1104      3.000    15.3913    15.3895   3.410000   3.410048     1.1576          1  0.7345921    26.8276    26.8292     0.0017    -0.0018    19.6010    19.6027      2.984      2.996      0.530    1498.49         23 0.0000e+00
       1126      3.500    15.3869    15.3878   3.411201   3.410552     1.1857          1  0.7284027    26.8409    26.8346    -0.0063     0.0010    19.6122    19.6071      3.481      3.496      0.551    1498.50         21 0.0000e+00
       1148      4.000    15.3823    15.3829   3.411699   3.411639     1.2320          1  0.7258790    26.8482    26.8473    -0.0009     0.0006    19.6187    19.6179      3.978      3.995      0.564    1498.50         22 0.0000e+00
       1169      4.500    15.3826    15.3827   3.411778   3.411641     1.2963          1  0.7230420    26.8485    26.8472    -0.0013     0.0001    19.6189    19.6179      4.475      4.495      0.567    1498.51         21 0.0000e+00
       1190      5.000    15.3749    15.3754   3.414699   3.413882     1.3277          1  0.7193720    26.8791    26.8716    -0.0075     0.0005    19.6440    19.6381      4.972      4.994      0.561    1498.53         21 0.0000e+00
       1211      5.500    15.3576    15.3606   3.415601   3.415540     1.3895          1  0.7113364    26.8986    26.8960    -0.0026     0.0030    19.6626    19.6600      5.470      5.494      0.571    1498.50         21 0.0000e+00
       1232      6.000    15.3419    15.3394   3.418851   3.418950     1.4413          1  0.7465319    26.9375    26.9401     0.0026    -0.0025    19.6957    19.6982      5.967      5.993      0.605    1498.51         21 0.0000e+00
       1251      6.500    15.2991    15.3161   3.423102   3.421874     1.5108          1  0.7719740    27.0039    26.9814    -0.0225     0.0171    19.7556    19.7348      6.464      6.493      0.655    1498.45         17 0.0000e+00
       1269      7.000    14.8371    14.8869   3.439592   3.438036     1.5766          1  0.7796303    27.4701    27.4215    -0.0486     0.0498    20.2089    20.1614      6.961      6.992      0.672    1497.51         18 0.0000e+00
       1287      7.500    14.6450    14.6486   3.443877   3.444048     1.6604          1  0.7641264    27.6431    27.6421    -0.0010     0.0036    20.3811    20.3796      7.459      7.491      0.680    1497.10         18 0.0000e+00
       1304      8.000    14.5386    14.5467   3.454630   3.452648     1.8210          1  0.7254790    27.8147    27.7911    -0.0235     0.0081    20.5347    20.5150      7.956      7.990      0.680    1496.96         18 0.0000e+00
       1322      8.500    14.4336    14.4344   3.496592   3.493961     1.9126          1  0.7092017    28.2654    28.2412    -0.0242     0.0008    20.9028    20.8840      8.453      8.489      0.669    1497.15         17 0.0000e+00
       1340      9.000    14.4255    14.4251   3.502567   3.502666     1.9747          1  0.6928433    28.3246    28.3259     0.0012    -0.0004    20.9501    20.9511      8.950      8.987      0.660    1497.20         19 0.0000e+00
       1358      9.500    14.4195    14.4187   3.503587   3.503702     1.9557          1  0.6590881    28.3380    28.3396     0.0016    -0.0008    20.9616    20.9630      9.448      9.486      0.668    1497.20         18 0.0000e+00
       1376     10.000    14.3998    14.4010   3.508478   3.507803     1.9330          1  0.6314173    28.3961    28.3892    -0.0069     0.0012    21.0103    21.0047      9.945      9.985      0.689    1497.21         17 0.0000e+00
       1393     10.500    14.3127    14.3144   3.531426   3.530149     1.9536          1  0.6397762    28.6664    28.6536    -0.0127     0.0017    21.2360    21.2258     10.442     10.484      0.693    1497.25         17 0.0000e+00
       1411     11.000    14.2833    14.2827   3.540090   3.539903     1.9825          1  0.6568299    28.7660    28.7648    -0.0013    -0.0005    21.3187    21.3178     10.939     10.982      0.688    1497.28         18 0.0000e+00
       1428     11.500    14.2392    14.2403   3.551395   3.550316     1.7934          1  0.6452327    28.9007    28.8902    -0.0105     0.0011    21.4313    21.4230     11.437     11.481      0.696    1497.30         17 0.0000e+00
       1445     12.000    14.1367    14.1396   3.570024   3.569245     1.6877          1  0.6242133    29.1460    29.1368    -0.0092     0.0029    21.6409    21.6332     11.934     11.979      0.709    1497.26         17 0.0000e+00
       1462     12.500    14.0251    14.0278   3.592184   3.590748     1.6287          1  0.6173159    29.4319    29.4167    -0.0151     0.0027    21.8836    21.8714     12.431     12.478      0.709    1497.23         17 0.0000e+00
       1479     13.000    13.9389    13.9407   3.606596   3.606289     1.6580          1  0.6310777    29.6289    29.6247    -0.0042     0.0019    22.0528    22.0491     12.928     12.976      0.702    1497.19         17 0.0000e+00
       1496     13.500    13.7927    13.7974   3.626581   3.625455     1.4312          1  0.5975656    29.9247    29.9107    -0.0140     0.0048    22.3101    22.2983     13.425     13.474      0.709    1497.06         17 0.0000e+00
       1513     14.000    13.6997    13.7013   3.636565   3.636331     1.2668          1  0.5874350    30.0888    30.0854    -0.0034     0.0016    22.4552    22.4523     13.923     13.972      0.733    1496.95         16 0.0000e+00
       1529     14.500    13.5385    13.5428   3.656228   3.655478     1.0397          1  0.5880508    30.3973    30.3870    -0.0103     0.0042    22.7252    22.7164     14.420     14.470      0.798    1496.79         16 0.0000e+00
       1543     15.000    13.4302    13.4316   3.661808   3.662154     0.9105          1  0.5739621    30.5349    30.5370     0.0021     0.0014    22.8528    22.8542     14.917     14.968      0.855    1496.60         13 0.0000e+00
       1557     15.500    13.3587    13.3603   3.665725   3.665172     0.8650          1  0.5696084    30.6284    30.6220    -0.0064     0.0016    22.9391    22.9338     15.414     15.466      0.875    1496.48         14 0.0000e+00
       1571     16.000    13.2189    13.2199   3.669157   3.669583     0.8189          1  0.5628510    30.7728    30.7760     0.0032     0.0010    23.0780    23.0803     15.911     15.964      0.874    1496.19         14 0.0000e+00
       1584     16.500    13.0935    13.0956   3.669645   3.669875     0.7975          1  0.5783080    30.8790    30.8795     0.0005     0.0021    23.1845    23.1844     16.409     16.462      0.875    1495.90         14 0.0000e+00
       1598     17.000    12.9279    12.9277   3.672544   3.672747     0.7382          1  0.6315697    31.0411    31.0432     0.0020    -0.0001    23.3419    23.3435     16.906     16.959      0.872    1495.54         13 0.0000e+00
       1612     17.500    12.9062    12.9002   3.672836   3.673107     0.6827          1  0.6474027    31.0615    31.0689     0.0074    -0.0060    23.3618    23.3687     17.403     17.457      0.867    1495.50         14 0.0000e+00
       1626     18.000    12.8721    12.8685   3.672426   3.672663     0.6023          1  0.6701431    31.0854    31.0906     0.0052    -0.0036    23.3869    23.3916     17.900     17.954      0.862    1495.42         14 0.0000e+00
       1640     18.500    12.8069    12.8091   3.669454   3.669984     0.5712          1  0.8725954    31.1109    31.1140     0.0032     0.0022    23.4190    23.4211     18.397     18.452      0.866    1495.24         14 0.0000e+00
       1653     19.000    12.6530    12.6498   3.662622   3.662759     0.5549          1  0.9633810    31.1731    31.1771     0.0040    -0.0032    23.4966    23.5003     18.895     18.950      0.864    1494.80         14 0.0000e+00
       1667     19.500    12.6176    12.6159   3.664923   3.665227     0.5433          1  0.7200861    31.2241    31.2283     0.0042    -0.0016    23.5428    23.5464     19.392     19.447      0.853    1494.75         14 0.0000e+00
       1681     20.000    12.5464    12.5468   3.674961   3.675013     0.5308          1  0.7257099    31.3782    31.3783     0.0001     0.0004    23.6757    23.6757     19.889     19.945      0.851    1494.70         14 0.0000e+00
       1696     20.500    12.5010    12.5010   3.679874   3.680046     0.4924          1  0.7952252    31.4626    31.4642     0.0016     0.0000    23.7497    23.7509     20.386     20.442      0.902    1494.65         14 0.0000e+00
       1708     21.000    12.4613    12.4533   3.684700   3.685660     0.4907          1  0.7918488    31.5416    31.5575     0.0159    -0.0081    23.8183    23.8321     20.884     20.940      0.981    1494.62         12 0.0000e+00
       1720     21.500    12.4321    12.4290   3.694496   3.694139     0.4910          1  0.7882663    31.6592    31.6584    -0.0008    -0.0031    23.9150    23.9149     21.381     21.437      1.032    1494.67         11 0.0000e+00
       1731     22.000    12.4541    12.4527   3.699097   3.699192     0.5017          1  0.8134252    31.6843    31.6864     0.0021    -0.0014    23.9303    23.9321     21.878     21.934      1.033    1494.78         12 0.0000e+00
       1743     22.500    12.4607    12.4598   3.700294   3.700477     0.5178          1  0.8747060    31.6900    31.6924     0.0024    -0.0008    23.9334    23.9354     22.375     22.432      1.015    1494.82         12 0.0000e+00
       1755     23.000    12.4602    12.4591   3.700585   3.700707     0.4907          1  0.8790790    31.6929    31.6950     0.0021    -0.0011    23.9358    23.9376     22.872     22.929      1.010    1494.83         12 0.0000e+00
       1767     23.500    12.4577    12.4569   3.700832   3.700909     0.4194          1  0.8881369    31.6972    31.6986     0.0014    -0.0007    23.9396    23.9408     23.370     23.426      1.014    1494.84         11 0.0000e+00
       1779     24.000    12.4285    12.4323   3.701667   3.701652     0.4177          1  0.8924060    31.7296    31.7262    -0.0033     0.0038    23.9702    23.9669     23.867     23.924      1.011    1494.78         12 0.0000e+00
       1791     24.500    12.3442    12.3464   3.703463   3.703417     0.4198          1  0.9080024    31.8179    31.8156    -0.0023     0.0021    24.0545    24.0524     24.364     24.421      1.010    1494.61         12 0.0000e+00
       1803     25.000    12.3044    12.3070   3.704937   3.704906     0.4188          1  0.9369696    31.8656    31.8630    -0.0025     0.0026    24.0990    24.0965     24.861     24.918      1.015    1494.54         12 0.0000e+00
       1814     25.500    12.2639    12.2614   3.706646   3.706883     0.4168          1  1.0811998    31.9163    31.9206     0.0044    -0.0024    24.1459    24.1497     25.358     25.416      1.018    1494.47         12 0.0000e+00
       1826     26.000    12.2162    12.2158   3.709411   3.709470     0.4193          1  1.0926515    31.9832    31.9841     0.0009    -0.0004    24.2067    24.2075     25.856     25.913      1.012    1494.39         11 0.0000e+00
       1838     26.500    12.1868    12.1874   3.710784   3.710808     0.4443          1  1.2102371    32.0213    32.0210    -0.0003     0.0006    24.2418    24.2414     26.353     26.410      1.008    1494.35         12 0.0000e+00
       1850     27.000    12.1675    12.1663   3.711441   3.711517     0.4413          1  1.1997046    32.0439    32.0458     0.0018    -0.0012    24.2630    24.2646     26.850     26.907      1.008    1494.31         12 0.0000e+00
       1862     27.500    12.1630    12.1625   3.711599   3.711649     0.3920          1  1.0809134    32.0491    32.0500     0.0009    -0.0005    24.2678    24.2686     27.347     27.404      1.007    1494.31         12 0.0000e+00
       1874     28.000    12.1483    12.1520   3.712077   3.711995     0.3941          1  1.0910176    32.0661    32.0622    -0.0039     0.0037    24.2838    24.2800     27.844     27.902      1.003    1494.29         12 0.0000e+00
       1886     28.500    12.1142    12.1146   3.712770   3.712798     0.3817          1  1.2706938    32.1018    32.1018     0.0000     0.0003    24.3178    24.3177     28.341     28.399      0.988    1494.23         12 0.0000e+00
       1898     29.000    12.0930    12.0915   3.713230   3.713282     0.3814          1  1.2516662    32.1242    32.1260     0.0018    -0.0015    24.3391    24.3408     28.839     28.896      0.981    1494.19         13 0.0000e+00
       1910     29.500    12.0546    12.0476   3.713680   3.713745     0.3797          1  1.0540825    32.1615    32.1681     0.0066    -0.0069    24.3752    24.3816     29.336     29.393      0.991    1494.11         12 0.0000e+00
       1922     30.000    11.9909    11.9903   3.712315   3.712265     0.3823          1  1.0538945    32.2030    32.2031     0.0000    -0.0006    24.4192    24.4194     29.833     29.890      0.999    1493.95         11 0.0000e+00
       1934     30.500    11.8531    11.8514   3.709728   3.709753     0.3574          1  1.1225762    32.2971    32.2988     0.0017    -0.0017    24.5178    24.5194     30.330     30.387      0.997    1493.59         13 0.0000e+00
       1946     31.000    11.8238    11.8193   3.709390   3.709283     0.3561          1  1.1284202    32.3190    32.3219     0.0029    -0.0045    24.5402    24.5433     30.827     30.884      0.999    1493.53         12 0.0000e+00
       1958     31.500    11.8064    11.7975   3.708751   3.708471     0.3450          1  1.2236636    32.3278    32.3328     0.0050    -0.0089    24.5502    24.5557     31.325     31.382      1.013    1493.49         12 0.0000e+00
       1970     32.000    11.7141    11.7222   3.704136   3.704593     0.3441          1  1.2247922    32.3631    32.3605    -0.0026     0.0081    24.5945    24.5911     31.822     31.879      1.011    1493.22         11 0.0000e+00
       1982     32.500    11.6725    11.6744   3.701786   3.701918     0.3453          1  1.3265359    32.3763    32.3759    -0.0004     0.0019    24.6124    24.6118     32.319     32.376      1.002    1493.10         13 0.0000e+00
       1994     33.000    11.5787    11.5867   3.695411   3.695812     0.3408          1  1.3331156    32.3959    32.3928    -0.0031     0.0080    24.6447    24.6409     32.816     32.873      1.002    1492.80         12 0.0000e+00
       2006     33.500    11.4652    11.4453   3.688128   3.686733     0.3330          1  1.3579852    32.4240    32.4277     0.0037    -0.0198    24.6871    24.6936     33.313     33.370      1.009    1492.45         11 0.0000e+00
       2018     34.000    11.3768    11.3633   3.682314   3.681560     0.3324          1  1.3581758    32.4444    32.4489     0.0045    -0.0136    24.7189    24.7249     33.810     33.867      1.007    1492.17         12 0.0000e+00
       2030     34.500    11.3605    11.3589   3.681337   3.681312     0.3083          1  1.3403753    32.4489    32.4500     0.0011    -0.0015    24.7254    24.7266     34.308     34.364      1.000    1492.13         12 0.0000e+00
