tests/test_data/arkiv_2004/sbe09_0745_20040628_1348_77_14_0420.cnv
* Sea-Bird SBE 9 Data File:
* FileName = C:\data\raw\AR04D420.dat
* Software Version Seasave Win32 V 5.30b
* Temperature SN = 4387
* Conductivity SN = 2994
* Number of Bytes Per Scan = 24
* Number of Voltage Words = 2
* Number of Scans Averaged by the Deck Unit = 1
* NMEA Latitude: No
* NMEA Longitude: No
** True-depth calculation 2005-06-15 05:53:12
** Station: Slaggo
** Operator: 
** Ship: Argos
** Cruise: 2004
** Lat: 58 15.5  Long: 11 26.0, No NMEA, Manual changes in header 2005-06-15 / Arne
** Standard Readable Time = 2004-06-28 13:48:02
** Zip Archived = 2013-09-27 15:33:41
** New FileName = sbe09_0745_20040628_1348_77_14_0420.cnv
# nquan = 21
# nvalues = 132                         
# units = specified
# name 0 = scan: Scan Count
# name 1 = prDM: Pressure, Digiquartz [db]
# name 2 = t090C: Temperature [ITS-90, deg C]
# name 3 = t190C: Temperature, 2 [ITS-90, deg C]
# name 4 = c0S/m: Conductivity [S/m]
# name 5 = c1S/m: Conductivity, 2 [S/m]
# name 6 = flECO-AFL: Fluorescence, Wetlab ECO-AFL/FL [mg/m^3]
# name 7 = pumps: Pump Status
# name 8 = upoly0: Upoly 0, WETLAB NTU
# name 9 = sal00: Salinity [PSU]
# name 10 = sal11: Salinity, 2 [PSU]
# name 11 = secS-priS: Salinity Difference, 2 - 1 [PSU]
# name 12 = T2-T190C: Temperature Difference, 2 - 1 [ITS-90, deg C]
# name 13 = sigma-t00: Density [sigma-t, Kg/m^3 ]
# name 14 = sigma-t11: Density, 2 [sigma-t, Kg/m^3 ]
# name 15 = depSM: Depth [salt water, m], lat = 57
# name 16 = depFM: Depth [true depth, m]
# name 17 = dz/dtM: Descent Rate [m/s], WS = 2
# name 18 = svCM: Sound Velocity [Chen-Millero, m/s]
# name 19 = nbin: number of scans per bin
# name 20 = flag: flag
# span 0 =        932,       2842       
# span 1 =      1.000,     66.500       
# span 2 =     5.8585,    15.3997       
# span 3 =     5.8577,    15.3979       
# span 4 =   3.345337,   3.713680       
# span 5 =   3.345300,   3.713745       
# span 6 =     0.1154,     1.9825       
# span 7 =          1,          1       
# span 8 =  0.5628510,  1.9585909       
# span 9 =    26.8128,    34.0836       
# span 10 =    26.8129,    34.0839      
# span 11 =    -0.0486,     0.0159      
# span 12 =    -0.0732,     0.0498      
# span 13 =    19.5879,    26.8460      
# span 14 =    19.5884,    26.8462      
# span 15 =      0.995,     66.124      
# span 16 =      1.020,     67.811      
# span 17 =      0.056,      1.034      
# span 18 =    1474.02,    1498.53      
# span 19 =         11,         32      
# span 20 = 0.0000e+00, 0.0000e+00      
# interval = decibars: 0.5              
# start_time = Jun 28 2004 13:48:02
# bad_flag = -9.990e-29
*END*
[from data line 69]
       2054     35.500    11.3617    11.3617   3.681629   3.681693     0.2837          1  1.3048064    32.4503    32.4509     0.0006     0.0000    24.7262    24.7267     35.302     35.358      1.009    1492.15         12 0.0000e+00
       2066     36.000    11.3612    11.3517   3.681729   3.681278     0.2820          1  1.3009963    32.4515    32.4554     0.0039    -0.0095    24.7273    24.7320     35.799     35.855      1.009    1492.16         12 0.0000e+00
       2077     36.500    11.3372    11.3382   3.680170   3.680219     0.3035          1  1.3231242    32.4572    32.4567    -0.0005     0.0011    24.7360    24.7354     36.296     36.352      0.995    1492.09         12 0.0000e+00
       2090     37.000    10.8187    10.7647   3.651380   3.647523     0.3098          1  1.3264433    32.6320    32.6419     0.0099    -0.0541    24.9635    24.9806     36.793     36.848      0.982    1490.48         12 0.0000e+00
       2102     37.500    10.3517    10.3452   3.627048   3.626623     0.2856          1  1.3103236    32.8071    32.8086     0.0016    -0.0065    25.1807    25.1830     37.291     37.345      0.974    1489.04         13 0.0000e+00
       2114     38.000    10.2841    10.2809   3.622507   3.622271     0.2862          1  1.3074093    32.8222    32.8227     0.0005    -0.0032    25.2040    25.2049     37.788     37.842      0.977    1488.83         12 0.0000e+00
       2127     38.500    10.1092    10.1124   3.610686   3.610674     0.2500          1  1.4554120    32.8611    32.8580    -0.0030     0.0032    25.2638    25.2609     38.285     38.339      0.975    1488.25         12 0.0000e+00
       2139     39.000     9.9107     9.9110   3.598743   3.598436     0.2458          1  1.4659131    32.9204    32.9170    -0.0034     0.0003    25.3432    25.3405     38.782     38.835      0.971    1487.62         13 0.0000e+00
       2151     39.500     9.4879     9.4928   3.571890   3.571814     0.2348          1  1.4598420    33.0333    33.0280    -0.0054     0.0050    25.5007    25.4957     39.279     39.332      0.967    1486.23         12 0.0000e+00
       2164     40.000     9.2504     9.2477   3.555652   3.555114     0.2348          1  1.4598022    33.0851    33.0821    -0.0030    -0.0027    25.5793    25.5774     39.776     39.828      0.971    1485.43         12 0.0000e+00
       2176     40.500     9.1771     9.1739   3.550481   3.550157     0.2114          1  1.6147689    33.0993    33.0990    -0.0004    -0.0032    25.6021    25.6023     40.274     40.325      0.973    1485.18         13 0.0000e+00
       2188     41.000     9.1349     9.1302   3.547412   3.547042     0.2081          1  1.6184951    33.1065    33.1071     0.0006    -0.0047    25.6144    25.6155     40.771     40.822      0.979    1485.04         12 0.0000e+00
       2201     41.500     9.0852     9.0760   3.543340   3.542492     0.1997          1  1.6185934    33.1102    33.1100    -0.0002    -0.0092    25.6251    25.6264     41.268     41.318      0.988    1484.87         12 0.0000e+00
       2213     42.000     9.0270     9.0076   3.538459   3.536816     0.1977          1  1.6196606    33.1134    33.1143     0.0010    -0.0194    25.6367    25.6406     41.765     41.815      1.000    1484.67         12 0.0000e+00
       2225     42.500     8.8110     8.7834   3.521515   3.518861     0.2091          1  1.6759070    33.1379    33.1360    -0.0019    -0.0276    25.6896    25.6924     42.262     42.311      1.006    1483.91         12 0.0000e+00
       2236     43.000     8.3744     8.3405   3.488145   3.484559     0.2132          1  1.6752338    33.1968    33.1908    -0.0060    -0.0338    25.8021    25.8025     42.759     42.808      1.011    1482.36         12 0.0000e+00
       2248     43.500     7.8042     7.7310   3.444950   3.438345     0.2693          1  1.6510598    33.2775    33.2765    -0.0010    -0.0732    25.9494    25.9591     43.257     43.304      1.014    1480.31         12 0.0000e+00
       2260     44.000     7.3733     7.3674   3.415148   3.414398     0.2690          1  1.6503556    33.3690    33.3665    -0.0025    -0.0059    26.0827    26.0816     43.754     43.800      1.009    1478.78         11 0.0000e+00
       2272     44.500     7.2027     7.1757   3.403607   3.401515     0.1845          1  1.5639044    33.4080    33.4113     0.0034    -0.0271    26.1369    26.1433     44.251     44.297      1.003    1478.18         13 0.0000e+00
       2284     45.000     6.9417     6.9379   3.387474   3.386492     0.1765          1  1.5553532    33.4846    33.4775    -0.0071    -0.0038    26.2329    26.2279     44.748     44.793      1.003    1477.27         12 0.0000e+00
       2296     45.500     6.6221     6.6167   3.365063   3.364089     0.1658          1  1.5290685    33.5499    33.5443    -0.0055    -0.0054    26.3270    26.3234     45.245     45.289      1.012    1476.11         11 0.0000e+00
       2308     46.000     6.4656     6.4699   3.357695   3.357653     0.1659          1  1.5275268    33.6217    33.6170    -0.0047     0.0043    26.4042    26.3999     45.742     45.785      1.014    1475.60         12 0.0000e+00
       2320     46.500     6.3831     6.3814   3.354648   3.354508     0.1441          1  1.3864262    33.6690    33.6691     0.0002    -0.0017    26.4522    26.4525     46.239     46.281      1.018    1475.34         12 0.0000e+00
       2331     47.000     6.3863     6.3860   3.357096   3.357392     0.1382          1  1.3646328    33.6928    33.6964     0.0036    -0.0003    26.4706    26.4735     46.737     46.778      1.030    1475.39         12 0.0000e+00
       2343     47.500     6.3758     6.3641   3.359957   3.359181     0.1278          1  1.4268181    33.7348    33.7378     0.0030    -0.0117    26.5051    26.5089     47.234     47.274      1.034    1475.41         11 0.0000e+00
       2354     48.000     6.2817     6.2807   3.355045   3.354835     0.1289          1  1.4406452    33.7731    33.7718    -0.0013    -0.0011    26.5474    26.5466     47.731     47.770      1.022    1475.10         12 0.0000e+00
       2366     48.500     6.2548     6.2532   3.354207   3.354042     0.1361          1  1.3948443    33.7903    33.7900    -0.0003    -0.0016    26.5645    26.5644     48.228     48.266      1.008    1475.02         12 0.0000e+00
       2378     49.000     6.2416     6.2383   3.354076   3.353899     0.1402          1  1.3773382    33.8016    33.8030     0.0013    -0.0033    26.5751    26.5766     48.725     48.762      1.010    1474.99         12 0.0000e+00
       2390     49.500     6.2128     6.2083   3.352856   3.352608     0.1400          1  1.4395201    33.8164    33.8181     0.0017    -0.0045    26.5905    26.5924     49.222     49.258      1.017    1474.90         11 0.0000e+00
       2402     50.000     6.2060     6.2045   3.353076   3.352864     0.1392          1  1.4672048    33.8254    33.8245    -0.0009    -0.0015    26.5984    26.5979     49.719     49.754      1.017    1474.90         12 0.0000e+00
       2414     50.500     6.2112     6.2104   3.353855   3.353848     0.1413          1  1.4661538    33.8287    33.8294     0.0007    -0.0008    26.6004    26.6010     50.216     50.250      1.011    1474.93         12 0.0000e+00
       2426     51.000     6.1969     6.1954   3.354079   3.353906     0.1402          1  1.4661538    33.8451    33.8447    -0.0004    -0.0015    26.6152    26.6150     50.714     50.746      1.008    1474.90         12 0.0000e+00
       2438     51.500     6.1768     6.1743   3.353005   3.352805     0.1329          1  1.4891902    33.8529    33.8532     0.0003    -0.0025    26.6239    26.6244     51.211     51.242      1.003    1474.84         12 0.0000e+00
       2450     52.000     6.1652     6.1641   3.352909   3.352893     0.1289          1  1.5043144    33.8632    33.8641     0.0009    -0.0011    26.6334    26.6343     51.708     51.738      0.991    1474.82         12 0.0000e+00
       2462     52.500     6.1577     6.1568   3.353008   3.352916     0.1299          1  1.3894584    33.8715    33.8714    -0.0001    -0.0009    26.6410    26.6410     52.205     52.234      0.984    1474.80         13 0.0000e+00
       2474     53.000     6.1290     6.1300   3.352331   3.352297     0.1269          1  1.3159403    33.8924    33.8910    -0.0014     0.0010    26.6611    26.6599     52.702     52.730      0.983    1474.73         12 0.0000e+00
       2486     53.500     6.0976     6.0966   3.351543   3.351468     0.1368          1  1.3213887    33.9146    33.9148     0.0002    -0.0010    26.6827    26.6829     53.199     53.226      0.994    1474.64         12 0.0000e+00
       2498     54.000     6.0908     6.0896   3.351457   3.351374     0.1412          1  1.3284736    33.9202    33.9205     0.0003    -0.0012    26.6880    26.6883     53.696     53.722      1.002    1474.63         12 0.0000e+00
       2510     54.500     6.0824     6.0812   3.351374   3.351310     0.1413          1  1.3566310    33.9275    33.9279     0.0004    -0.0012    26.6947    26.6952     54.193     54.219      1.005    1474.61         12 0.0000e+00
       2522     55.000     6.0592     6.0585   3.350771   3.350689     0.1373          1  1.3764851    33.9436    33.9434    -0.0002    -0.0007    26.7104    26.7103     54.691     54.715      1.002    1474.55         12 0.0000e+00
       2534     55.500     6.0090     6.0064   3.349143   3.349000     0.1321          1  1.3957374    33.9754    33.9764     0.0009    -0.0025    26.7419    26.7429     55.188     55.211      0.999    1474.40         12 0.0000e+00
       2546     56.000     5.9502     5.9536   3.347418   3.347503     0.1280          1  1.4085595    34.0148    34.0123    -0.0025     0.0034    26.7804    26.7780     55.685     55.707      1.004    1474.22         12 0.0000e+00
       2558     56.500     5.9257     5.9244   3.346816   3.346705     0.1209          1  1.4125604    34.0324    34.0324     0.0000    -0.0013    26.7974    26.7976     56.182     56.203      1.009    1474.15         12 0.0000e+00
       2570     57.000     5.9116     5.9100   3.346371   3.346277     0.1154          1  1.4153052    34.0413    34.0418     0.0005    -0.0016    26.8061    26.8068     56.679     56.698      1.009    1474.12         11 0.0000e+00
       2582     57.500     5.8971     5.8949   3.345945   3.345845     0.1293          1  1.4251175    34.0509    34.0519     0.0011    -0.0022    26.8155    26.8166     57.176     57.194      1.009    1474.08         12 0.0000e+00
       2594     58.000     5.8878     5.8868   3.345712   3.345646     0.1404          1  1.4345371    34.0573    34.0576     0.0002    -0.0010    26.8218    26.8221     57.673     57.690      1.001    1474.06         12 0.0000e+00
       2606     58.500     5.8768     5.8763   3.345446   3.345410     0.1402          1  1.4867701    34.0651    34.0652     0.0001    -0.0005    26.8293    26.8295     58.170     58.186      1.001    1474.03         12 0.0000e+00
       2618     59.000     5.8708     5.8707   3.345337   3.345336     0.1413          1  1.5450963    34.0698    34.0698     0.0001    -0.0001    26.8337    26.8338     58.667     58.682      0.998    1474.02         12 0.0000e+00
       2630     59.500     5.8692     5.8689   3.345364   3.345345     0.1329          1  1.6004152    34.0714    34.0715     0.0001    -0.0003    26.8352    26.8353     59.165     59.178      0.998    1474.03         12 0.0000e+00
       2642     60.000     5.8682     5.8680   3.345405   3.345401     0.1287          1  1.6716547    34.0726    34.0727     0.0001    -0.0001    26.8363    26.8364     59.662     59.674      1.002    1474.03         12 0.0000e+00
       2654     60.500     5.8651     5.8650   3.345364   3.345356     0.1299          1  1.6473016    34.0750    34.0750     0.0000    -0.0001    26.8386    26.8386     60.159     60.170      1.019    1474.03         12 0.0000e+00
       2665     61.000     5.8615     5.8606   3.345338   3.345300     0.1289          1  1.6194965    34.0781    34.0785     0.0005    -0.0009    26.8415    26.8419     60.656     60.666      1.029    1474.03         12 0.0000e+00
       2677     61.500     5.8610     5.8603   3.345373   3.345350     0.1277          1  1.7160585    34.0787    34.0792     0.0004    -0.0007    26.8420    26.8425     61.153     61.162      1.026    1474.03         11 0.0000e+00
       2689     62.000     5.8606     5.8596   3.345411   3.345388     0.1289          1  1.8994597    34.0793    34.0801     0.0007    -0.0010    26.8426    26.8433     61.650     61.658      1.027    1474.04         12 0.0000e+00
       2700     62.500     5.8602     5.8592   3.345456   3.345422     0.1253          1  1.8678053    34.0799    34.0806     0.0007    -0.0011    26.8431    26.8438     62.147     62.154      1.019    1474.05         11 0.0000e+00
       2712     63.000     5.8594     5.8585   3.345489   3.345417     0.1156          1  1.7887409    34.0809    34.0810     0.0001    -0.0009    26.8440    26.8442     62.644     62.650      0.996    1474.05         13 0.0000e+00
       2724     63.500     5.8593     5.8583   3.345540   3.345523     0.1196          1  1.8084952    34.0814    34.0821     0.0007    -0.0009    26.8444    26.8450     63.141     63.146      0.955    1474.06         12 0.0000e+00
       2737     64.000     5.8592     5.8584   3.345594   3.345572     0.1283          1  1.8598089    34.0818    34.0824     0.0006    -0.0008    26.8447    26.8452     63.639     63.642      0.936    1474.07         13 0.0000e+00
       2750     64.500     5.8588     5.8579   3.345620   3.345597     0.1329          1  1.8609960    34.0822    34.0828     0.0006    -0.0009    26.8451    26.8457     64.136     64.138      0.930    1474.08         13 0.0000e+00
       2763     65.000     5.8585     5.8578   3.345649   3.345640     0.1385          1  1.8643882    34.0826    34.0832     0.0007    -0.0008    26.8454    26.8460     64.633     64.634      0.922    1474.09         13 0.0000e+00
       2776     65.500     5.8586     5.8577   3.345679   3.345678     0.1423          1  1.8938709    34.0826    34.0835     0.0008    -0.0008    26.8454    26.8462     65.130     65.130      0.845    1474.10         13 0.0000e+00
       2792     66.000     5.8587     5.8579   3.345730   3.345717     0.1402          1  1.9265264    34.0829    34.0835     0.0006    -0.0008    26.8456    26.8462     65.627     65.626      0.734    1474.10         18 0.0000e+00
       2842     66.500     5.8601     5.8605   3.345951   3.346010     0.1391          1  1.9585909    34.0836    34.0839     0.0003     0.0004    26.8460    26.8462     66.124     66.122      0.056    1474.12         32 0.0000e+00
