tests/test_data/local/cnv/up_cast/uSBE09_1387_20220823_1041_77SE_14_0600.cnv
* Sea-Bird SBE 9 Data File:
* FileName = L:\nytt_ctd_format\2022\SBE09_1387_20220823_1040_77SE_14_0600.hex
* Software Version Seasave V 7.26.7.121
* Temperature SN = 5351
* Conductivity SN = 3941
* Number of Bytes Per Scan = 41
* Number of Voltage Words = 4
* Number of Scans Averaged by the Deck Unit = 1
* NMEA Latitude = 58 38.47 N
* NMEA Longitude = 010 51.70 E
* NMEA UTC (Time) = Aug 23 2022  10:41:43
* NMEA baud rate = 4800
** Station: 2 SSE Persgrund
** Operator: MHan
** Ship: 77SE Svea
** Cruise: 77SE-2022-14
** Latitud [GG MM.mm N]:
** Longitude [GG MM.mm E]:
** Pumps: PrimaryPump: 6060 # SecondaryPump: 6061
** EventIDs: EventID:  # ParentEventID:
** Additional Sampling:
** Metadata admin: MPROG: NATL # PROJ: IBT # ORDERER: SLU, HAV, SMHI # SLABO: SMHI # ALABO: SMHI # REFSK: HC-B-B8, HC-C-C2, OM7
** Metadata conditions: WADEP: 77 # WINDIR: 07 # WINSP: 3 # AIRTEMP: 19.0 # AIRPRES: 1024 # WEATH: 1 # CLOUD: 3 # WAVES: 2 # ICEOB: 0 # COMNT_VISIT:
** LIMS Job: 20227710-0600
# nquan = 32
# nvalues = 156                         
# units = specified
# name 0 = scan: Scan Count
# name 1 = prDM: Pressure, Digiquartz [db]
# name 2 = t090C: Temperature [ITS-90, deg C]
# name 3 = t190C: Temperature, 2 [ITS-90, deg C]
# name 4 = c0S/m: Conductivity [S/m]
# name 5 = c1S/m: Conductivity, 2 [S/m]
# name 6 = pumps: Pump Status
# name 7 = sbeox0V: Oxygen raw, SBE 43 [V]
# name 8 = sbeox1V: Oxygen raw, SBE 43, 2 [V]
# name 9 = altM: Altimeter [m]
# name 10 = dz/dtM: Descent Rate [m/s]
# name 11 = flECO-AFL: Fluorescence, WET Labs ECO-AFL/FL [mg/m^3]
# name 12 = flECO-AFL1: Fluorescence, WET Labs ECO-AFL/FL, 2 [mg/m^3]
# name 13 = par: PAR/Irradiance, Biospherical/Licor
# name 14 = turbWETntu0: Turbidity, WET Labs ECO [NTU]
# name 15 = sal00: Salinity, Practical [PSU]
# name 16 = sal11: Salinity, Practical, 2 [PSU]
# name 17 = secS-priS: Salinity, Practical, Difference, 2 - 1 [PSU]
# name 18 = T2-T190C: Temperature Difference, 2 - 1 [ITS-90, deg C]
# name 19 = density00: Density [density, kg/m^3]
# name 20 = density11: Density, 2 [density, kg/m^3]
# name 21 = sigma-t00: Density [sigma-t, kg/m^3 ]
# name 22 = sigma-t11: Density, 2 [sigma-t, kg/m^3 ]
# name 23 = depSM: Depth [salt water, m], lat = 58.6412
# name 24 = depFM: Depth [fresh water, m], lat = 58.6412
# name 25 = svCM: Sound Velocity [Chen-Millero, m/s]
# name 26 = svCM1: Sound Velocity, 2 [Chen-Millero, m/s]
# name 27 = sbeox0ML/L: Oxygen, SBE 43 [ml/l], WS = 2
# name 28 = sbeox1ML/L: Oxygen, SBE 43, 2 [ml/l], WS = 2
# name 29 = sbeox0PS: Oxygen, SBE 43 [% saturation], WS = 2
# name 30 = sbeox1PS: Oxygen, SBE 43, 2 [% saturation], WS = 2
# name 31 = flag: flag
# span 0 =      11422,      15464       
# span 1 =      0.500,     78.000       
# span 2 =    11.2633,    18.7858       
# span 3 =    11.3020,    18.7869       
# span 4 =   3.536765,   4.269549       
# span 5 =   3.537623,   4.268654       
# span 6 =          1,          1       
# span 7 =     2.8589,     3.4374       
# span 8 =     2.2043,     2.6686       
# span 9 =       1.34,      79.10       
# span 10 =     -0.630,     -0.178      
# span 11 =     0.1283,     1.7472      
# span 12 =    -0.3057,     0.5594      
# span 13 = 2.6182e-01, 4.2114e+03      
# span 14 =     0.0685,     1.8479      
# span 15 =    25.6908,    34.7785      
# span 16 =    25.6956,    34.8123      
# span 17 =    -0.1581,     0.9664      
# span 18 =    -0.6468,     0.6763      
# span 19 =  1017.9755,  1026.8594      
# span 20 =  1017.9789,  1026.8531      
# span 21 =    17.9733,    26.5084      
# span 22 =    17.9767,    26.5022      
# span 23 =      0.495,     77.258      
# span 24 =      0.510,     79.538      
# span 25 =    1495.24,    1512.81      
# span 26 =    1495.37,    1512.75      
# span 27 =     4.9679,     5.7049      
# span 28 =     4.9570,     5.6288      
# span 29 =     80.686,    100.848      
# span 30 =     80.588,    100.462      
# span 31 = 0.0000e+00, 0.0000e+00      
# interval = decibars: 0.5              
# start_time = Aug 23 2022 10:41:43 [NMEA time, first data scan]
# bad_flag = -9.990e-29
*END*
[from data line 136]
      14818     10.000    17.9890    17.9915   4.031953   4.022022          1     3.4283     2.6406      68.82     -0.178     0.9399    -0.0723 2.2615e+02     0.1248    30.2870    30.2020    -0.0850     0.0025  1021.7131  1021.6476    21.6689    21.6034      9.907     10.197    1510.57    1510.49     5.5537     5.4941    100.493     99.369 0.0000e+00
      14862      9.500    18.0693    18.0592   3.959085   3.969797          1     3.4284     2.6374      69.27     -0.239     0.9049    -0.1353 2.4339e+02     0.1336    29.6201    29.7167     0.0966    -0.0101  1021.1823  1021.2586    21.1403    21.2165      9.411      9.687    1510.05    1510.13     5.5671     5.4939    100.488     99.204 0.0000e+00
      14881      9.000    18.0976    18.0782   3.946980   3.956440          1     3.4283     2.6368      69.80     -0.525     0.9126    -0.1129 2.7117e+02     0.1394    29.4991    29.5918     0.0927    -0.0194  1021.0810  1021.1564    21.0411    21.1165      8.916      9.177    1509.99    1510.04     5.5675     5.4939    100.475     99.167 0.0000e+00
      14905      8.500    18.1265    18.0854   3.936369   3.952713          1     3.4273     2.6362      70.27     -0.552     0.8974    -0.0452 3.0189e+02     0.1456    29.3903    29.5557     0.1654    -0.0411  1020.9888  1021.1249    20.9512    21.0873      8.421      8.668    1509.94    1510.01     5.5655     5.4924    100.430     99.132 0.0000e+00
      14934      8.000    18.1744    18.1463   3.900499   3.922099          1     3.4319     2.6436      70.85     -0.446     0.8595    -0.1079 3.3374e+02     0.1366    29.0593    29.2579     0.1986    -0.0280  1020.7225  1020.8807    20.6870    20.8454      7.925      8.158    1509.70    1509.84     5.5805     5.5140    100.593     99.460 0.0000e+00
      14963      7.500    18.2628    18.1929   3.833954   3.884232          1     3.4302     2.6442      71.64     -0.403     0.8374    -0.0506 3.6427e+02     0.1301    28.4472    28.9113     0.4641    -0.0699  1020.2320  1020.6028    20.1988    20.5696      7.430      7.648    1509.26    1509.58     5.5873     5.5214    100.517     99.475 0.0000e+00
      14985      7.000    18.3790    18.2427   3.735437   3.841814          1     3.4296     2.6472      71.97     -0.467     0.8154    -0.1328 3.8323e+02     0.1352    27.5609    28.5273     0.9664    -0.1363  1019.5261  1020.2957    19.4951    20.2647      6.935      7.138    1508.60    1509.29     5.6028     5.5360    100.485     99.603 0.0000e+00
      15005      6.500    18.5519    18.4332   3.613157   3.699501          1     3.4261     2.6484      72.61     -0.562     0.7906    -0.0929 4.7495e+02     0.1395    26.4489    27.2290     0.7801    -0.1187  1018.6351  1019.2579    18.6063    19.2290      6.439      6.628    1507.85    1508.38     5.6134     5.5603    100.340     99.628 0.0000e+00
      15023      6.000    18.6238    18.5264   3.578085   3.632870          1     3.4227     2.6487      73.23     -0.630     0.7574    -0.1664 4.8521e+02     0.1392    26.1193    26.6256     0.5063    -0.0973  1018.3647  1018.7736    18.3381    18.7470      5.944      6.118    1507.68    1507.96     5.6092     5.5703    100.205     99.626 0.0000e+00
      15044      5.500    18.6950    18.6591   3.546008   3.562742          1     3.4226     2.6491      74.09     -0.615     0.7255    -0.2702 5.8873e+02     0.1493    25.8157    25.9733     0.1577    -0.0359  1018.1144  1018.2430    18.0900    18.2185      5.449      5.608    1507.54    1507.61     5.6110     5.5777    100.191     99.622 0.0000e+00
      15070      5.000    18.7328    18.7208   3.538560   3.542941          1     3.4237     2.6545      74.92     -0.514     0.6806    -0.2480 6.2262e+02     0.1782    25.7322    25.7750     0.0427    -0.0120  1018.0396  1018.0750    18.0174    18.0528      4.953      5.099    1507.55    1507.57     5.6115     5.5911    100.222     99.860 0.0000e+00
      15100      4.500    18.7330    18.7337   3.537350   3.538402          1     3.4245     2.6614      75.25     -0.412     0.6324    -0.1953 7.1093e+02     0.1765    25.7225    25.7305     0.0080     0.0007  1018.0300  1018.0359    18.0100    18.0160      4.458      4.589    1507.53    1507.55     5.6131     5.6085    100.246    100.171 0.0000e+00
      15126      4.000    18.7494    18.7517   3.536891   3.538009          1     3.4230     2.6644      76.13     -0.420     0.5963    -0.2612 8.1544e+02     0.1545    25.7088    25.7163     0.0076     0.0023  1018.0134  1018.0186    17.9956    18.0009      3.963      4.079    1507.56    1507.57     5.6084     5.6146    100.184    100.304 0.0000e+00
      15147      3.500    18.7479    18.7480   3.536895   3.538026          1     3.4226     2.6673      76.50     -0.513     0.5729    -0.3057 8.8488e+02     0.1502    25.7099    25.7189     0.0091     0.0001  1018.0124  1018.0193    17.9968    18.0037      3.467      3.569    1507.55    1507.56     5.6074     5.6219    100.164    100.430 0.0000e+00
      15166      3.000    18.7517    18.7511   3.536766   3.537677          1     3.4246     2.6679      76.88     -0.600     0.5472    -0.1719 9.0377e+02     0.1453    25.7066    25.7143     0.0077    -0.0006  1018.0068  1018.0128    17.9935    17.9995      2.972      3.059    1507.55    1507.55     5.6109     5.6229    100.232    100.451 0.0000e+00
      15187      2.500    18.7572    18.7557   3.536765   3.537623          1     3.4254     2.6680      77.25     -0.614     0.5146    -0.1716 1.1639e+03     0.1505    25.7033    25.7112     0.0079    -0.0015  1018.0007  1018.0071    17.9896    17.9960      2.477      2.549    1507.55    1507.55     5.6117     5.6224    100.255    100.448 0.0000e+00
      15227      2.000    18.7749    18.7821   3.537258   3.538365          1     3.4271     2.6677      78.08     -0.357     0.4431    -0.1599 1.2410e+03     0.1512    25.6965    25.7009     0.0045     0.0072  1017.9891  1017.9908    17.9802    17.9819      1.981      2.039    1507.59    1507.61     5.6131     5.6186    100.311    100.426 0.0000e+00
      15272      1.500    18.7841    18.7856   3.537707   3.538528          1     3.4289     2.6686      77.86     -0.224     0.3986    -0.1353 1.6259e+03     0.1451    25.6946    25.7002     0.0056     0.0016  1017.9832  1017.9871    17.9766    17.9805      1.486      1.530    1507.60    1507.61     5.6154     5.6203    100.368    100.462 0.0000e+00
      15337      1.000    18.7814    18.7847   3.537188   3.538144          1     3.3817     2.6363      78.34     -0.319     0.3734    -0.1470 3.7990e+03     0.1453    25.6922    25.6978     0.0057     0.0033  1017.9798  1017.9834    17.9754    17.9789      0.991      1.020    1507.59    1507.60     5.5183     5.5363     98.626     98.957 0.0000e+00
      15464      0.500    18.7858    18.7869   3.537337   3.538014          1     3.1492     2.5071      79.10     -0.178     0.3391    -0.1350 4.2114e+03     0.1564    25.6908    25.6956     0.0048     0.0011  1017.9755  1017.9789    17.9733    17.9767      0.495      0.510    1507.59    1507.60     5.0391     5.2001     90.069     92.951 0.0000e+00
