tests/test_data/local/cnv/up_cast/uSBE09_1387_20220918_1305_77SE_16_0847.cnv
* Sea-Bird SBE 9 Data File:
* FileName = L:\nytt_ctd_format\2022\SBE09_1387_20220918_1302_77SE_16_0847.hex
* Software Version Seasave V 7.26.7.121
* Temperature SN = 5351
* Conductivity SN = 3941
* Number of Bytes Per Scan = 41
* Number of Voltage Words = 4
* Number of Scans Averaged by the Deck Unit = 1
* NMEA Latitude = 55 22.96 N
* NMEA Longitude = 015 20.06 E
* NMEA UTC (Time) = Sep 18 2022  13:05:36
* NMEA baud rate = 4800
** Station: BY4 CHRISTIANS
** Operator: HBjo
** Ship: 77SE Svea
** Cruise: 77SE-2022-16
** Latitud [GG MM.mm N]:
** Longitude [GG MM.mm E]:
** Pumps: PrimaryPump: 6060 # SecondaryPump: 6061
** EventIDs: EventID:  # ParentEventID:
** Additional Sampling:
** Metadata admin: MPROG: NATL # PROJ: BAS # ORDERER: HAV, SMHI # SLABO: SMHI # ALABO: SMHI # REFSK: HC-B-B8, HC-C-C2, OM7
** Metadata conditions: WADEP_BOT: 94.0 # WADEP: 93 # WINSP: 4.8 # WINDIR: 30 # AIRPRES: 1000 # AIRTEMP: 14.05 # WEATH: 2 # CLOUD: 8 # WAVES: 2 # ICEOB: 0 # COMNT_VISIT:
** LIMS Job: 20227710-0847
# nquan = 32
# nvalues = 176                         
# units = specified
# name 0 = scan: Scan Count
# name 1 = prDM: Pressure, Digiquartz [db]
# name 2 = t090C: Temperature [ITS-90, deg C]
# name 3 = t190C: Temperature, 2 [ITS-90, deg C]
# name 4 = c0S/m: Conductivity [S/m]
# name 5 = c1S/m: Conductivity, 2 [S/m]
# name 6 = pumps: Pump Status
# name 7 = sbeox0V: Oxygen raw, SBE 43 [V]
# name 8 = sbeox1V: Oxygen raw, SBE 43, 2 [V]
# name 9 = altM: Altimeter [m]
# name 10 = dz/dtM: Descent Rate [m/s]
# name 11 = flECO-AFL: Fluorescence, WET Labs ECO-AFL/FL [mg/m^3]
# name 12 = flECO-AFL1: Fluorescence, WET Labs ECO-AFL/FL, 2 [mg/m^3]
# name 13 = par: PAR/Irradiance, Biospherical/Licor
# name 14 = turbWETntu0: Turbidity, WET Labs ECO [NTU]
# name 15 = sal00: Salinity, Practical [PSU]
# name 16 = sal11: Salinity, Practical, 2 [PSU]
# name 17 = secS-priS: Salinity, Practical, Difference, 2 - 1 [PSU]
# name 18 = T2-T190C: Temperature Difference, 2 - 1 [ITS-90, deg C]
# name 19 = density00: Density [density, kg/m^3]
# name 20 = density11: Density, 2 [density, kg/m^3]
# name 21 = sigma-t00: Density [sigma-t, kg/m^3 ]
# name 22 = sigma-t11: Density, 2 [sigma-t, kg/m^3 ]
# name 23 = depSM: Depth [salt water, m], lat = 55.3827
# name 24 = depFM: Depth [fresh water, m], lat = 55.3827
# name 25 = svCM: Sound Velocity [Chen-Millero, m/s]
# name 26 = svCM1: Sound Velocity, 2 [Chen-Millero, m/s]
# name 27 = sbeox0ML/L: Oxygen, SBE 43 [ml/l], WS = 2
# name 28 = sbeox1ML/L: Oxygen, SBE 43, 2 [ml/l], WS = 2
# name 29 = sbeox0PS: Oxygen, SBE 43 [% saturation], WS = 2
# name 30 = sbeox1PS: Oxygen, SBE 43, 2 [% saturation], WS = 2
# name 31 = flag: flag
# span 0 =      53087,      86445       
# span 1 =      0.500,     88.500       
# span 2 =     5.4569,    17.2962       
# span 3 =     5.4405,    17.2984       
# span 4 =   0.848188,   1.651290       
# span 5 =   0.846421,   1.651500       
# span 6 =          1,          1       
# span 7 =     0.7174,     3.4554       
# span 8 =     0.5233,     2.6857       
# span 9 =       1.38,      92.69       
# span 10 =     -0.799,     -0.028      
# span 11 =     0.1425,     2.4912      
# span 12 =     0.3646,     1.6537      
# span 13 = 1.2435e-04, 6.1440e+02      
# span 14 =     0.0660,     3.0164      
# span 15 =     7.5624,    14.6837      
# span 16 =     7.5632,    14.6844      
# span 17 =    -0.6911,     0.4423      
# span 18 =    -1.6584,     3.0795      
# span 19 =  1004.5795,  1027.4369      
# span 20 =  1004.5799,  1027.4369      
# span 21 =     4.5734,    11.3462      
# span 22 =     4.5729,    11.3465      
# span 23 =      0.495,     87.681      
# span 24 =      0.510,     90.245      
# span 25 =    1438.79,    1515.01      
# span 26 =    1438.72,    1515.02      
# span 27 =     0.0481,     6.5761      
# span 28 =     0.0629,     6.6825      
# span 29 =      0.639,    100.905      
# span 30 =      0.836,    101.014      
# span 31 = 0.0000e+00, 0.0000e+00      
# interval = decibars: 0.5              
# start_time = Sep 18 2022 13:05:37 [NMEA time, first data scan]
# bad_flag = -9.990e-29
*END*
      53087     88.500     8.1836     8.1894   1.651204   1.651500          1     0.7217     0.5256       1.38     -0.185     0.3358     1.4619 2.9185e-03     1.8307    14.6835    14.6840     0.0004     0.0058  1011.7627  1011.7624    11.3462    11.3459     87.681     90.245    1459.57    1459.59     0.0600     0.0709      0.800      0.946 0.0000e+00
      53142     88.000     8.1854     8.1873   1.651290   1.651444          1     0.7218     0.5255       1.89     -0.221     0.3299     1.3232 3.6455e-03     1.8488    14.6837    14.6844     0.0007     0.0019  1011.7603  1011.7606    11.3462    11.3465     87.185     89.735    1459.56    1459.57     0.0602     0.0707      0.803      0.943 0.0000e+00
      53207     87.500     8.1852     8.1858   1.651111   1.651262          1     0.7218     0.5257       2.44     -0.181     0.3369     1.4572 5.2489e-03     1.8083    14.6822    14.6834     0.0012     0.0006  1011.7568  1011.7577    11.3450    11.3459     86.690     89.225    1459.55    1459.56     0.0604     0.0715      0.806      0.953 0.0000e+00
      53278     87.000     8.1837     8.1849   1.650962   1.651133          1     0.7218     0.5257       2.97     -0.164     0.3298     1.5109 5.8715e-03     1.8313    14.6815    14.6826     0.0011     0.0013  1011.7541  1011.7548    11.3446    11.3454     86.195     88.715    1459.54    1459.55     0.0604     0.0713      0.805      0.950 0.0000e+00
      53349     86.500     8.1817     8.1845   1.650897   1.651111          1     0.7217     0.5256       3.46     -0.171     0.3297     1.3830 6.9380e-03     1.8323    14.6818    14.6827     0.0009     0.0029  1011.7522  1011.7525    11.3450    11.3454     85.699     88.205    1459.52    1459.54     0.0602     0.0712      0.802      0.949 0.0000e+00
      53415     86.000     8.1821     8.1849   1.650860   1.651034          1     0.7218     0.5257       3.97     -0.184     0.3350     1.4320 8.9991e-03     1.8654    14.6814    14.6819     0.0005     0.0029  1011.7494  1011.7495    11.3447    11.3448     85.204     87.696    1459.52    1459.53     0.0604     0.0715      0.805      0.953 0.0000e+00
      53478     85.500     8.1834     8.1851   1.650676   1.650976          1     0.7219     0.5256       4.49     -0.191     0.3472     1.5104 1.0109e-02     1.8571    14.6792    14.6814     0.0022     0.0017  1011.7452  1011.7467    11.3428    11.3443     84.709     87.186    1459.51    1459.52     0.0607     0.0712      0.809      0.949 0.0000e+00
      53534     85.000     8.1826     8.1848   1.650844   1.651022          1     0.7216     0.5255       4.99     -0.216     0.3341     1.3068 8.2220e-03     1.8863    14.6813    14.6821     0.0008     0.0022  1011.7446  1011.7450    11.3445    11.3449     84.214     86.676    1459.50    1459.51     0.0597     0.0705      0.795      0.940 0.0000e+00
      53589     84.500     8.1827     8.1848   1.650750   1.650966          1     0.7213     0.5254       5.54     -0.217     0.3329     1.5256 8.3625e-03     1.8733    14.6804    14.6816     0.0012     0.0021  1011.7415  1011.7423    11.3438    11.3446     83.718     86.166    1459.49    1459.50     0.0590     0.0705      0.786      0.939 0.0000e+00
      53641     84.000     8.1822     8.1849   1.650780   1.650967          1     0.7212     0.5253       6.01     -0.235     0.3333     1.4153 9.9604e-03     1.8505    14.6810    14.6817     0.0007     0.0027  1011.7397  1011.7400    11.3444    11.3446     83.223     85.656    1459.48    1459.50     0.0586     0.0700      0.781      0.932 0.0000e+00
      53686     83.500     8.1824     8.1848   1.650761   1.650952          1     0.7210     0.5252       6.52     -0.264     0.3334     1.4706 9.5601e-03     1.8221    14.6809    14.6817     0.0009     0.0024  1011.7372  1011.7376    11.3442    11.3446     82.728     85.146    1459.48    1459.49     0.0580     0.0697      0.774      0.928 0.0000e+00
      53731     83.000     8.1822     8.1845   1.650723   1.650851          1     0.7209     0.5252       7.05     -0.267     0.3322     1.2863 7.7214e-03     1.8582    14.6807    14.6810     0.0003     0.0023  1011.7348  1011.7348    11.3441    11.3441     82.233     84.636    1459.47    1459.48     0.0579     0.0694      0.772      0.925 0.0000e+00
      53783     82.500     8.1814     8.1842   1.650642   1.650820          1     0.7207     0.5250       7.57     -0.226     0.3430     1.3212 9.9371e-03     1.8611    14.6804    14.6809     0.0005     0.0029  1011.7323  1011.7324    11.3440    11.3441     81.737     84.127    1459.46    1459.47     0.0573     0.0689      0.764      0.919 0.0000e+00
      53828     82.000     8.1813     8.1843   1.650659   1.650756          1     0.7207     0.5250       8.07     -0.267     0.3406     1.3488 7.7705e-03     1.8604    14.6807    14.6804    -0.0003     0.0030  1011.7302  1011.7296    11.3442    11.3437     81.242     83.617    1459.45    1459.46     0.0571     0.0688      0.762      0.918 0.0000e+00
      53871     81.500     8.1815     8.1841   1.650634   1.650754          1     0.7207     0.5248       8.59     -0.280     0.3334     1.3784 9.8477e-03     1.8645    14.6805    14.6805     0.0001     0.0026  1011.7276  1011.7274    11.3440    11.3438     80.747     83.107    1459.44    1459.45     0.0573     0.0681      0.764      0.907 0.0000e+00
      53914     81.000     8.1810     8.1838   1.650584   1.650722          1     0.7206     0.5248       9.09     -0.275     0.3350     1.1978 1.6904e-02     1.8269    14.6803    14.6805     0.0002     0.0027  1011.7252  1011.7250    11.3439    11.3438     80.251     82.597    1459.43    1459.44     0.0571     0.0683      0.761      0.910 0.0000e+00
      53955     80.500     8.1805     8.1828   1.650495   1.650584          1     0.7206     0.5247       9.63     -0.298     0.3280     1.3892 3.2917e-02     1.8546    14.6798    14.6797    -0.0001     0.0023  1011.7225  1011.7221    11.3436    11.3433     79.756     82.087    1459.42    1459.43     0.0569     0.0677      0.759      0.902 0.0000e+00
      54168     80.000     8.1302     8.1350   1.630998   1.631490          1     0.7205     0.5248      10.18     -0.115     0.3330     1.3683 2.8679e-02     1.9104    14.5122    14.5150     0.0027     0.0049  1011.5946  1011.5962    11.2178    11.2195     79.261     81.577    1459.00    1459.03     0.0568     0.0684      0.756      0.910 0.0000e+00
      58099     79.500     8.0952     8.1001   1.621758   1.621821          1     0.7175     0.5234      10.68     -0.250     0.3057     1.3591 5.7380e-02     2.8847    14.4374    14.4360    -0.0014     0.0050  1011.5374  1011.5358    11.1629    11.1613     78.766     81.067    1458.76    1458.78     0.0483     0.0632      0.642      0.840 0.0000e+00
      58271     79.000     8.0987     8.1010   1.621584   1.621633          1     0.7175     0.5233      11.12     -0.308     0.3104     1.5542 5.6694e-02     2.9408    14.4344    14.4339    -0.0005     0.0023  1011.5324  1011.5318    11.1602    11.1596     78.270     80.558    1458.77    1458.78     0.0483     0.0629      0.642      0.836 0.0000e+00
      58287     78.500     8.0970     8.0989   1.621081   1.620745          1     0.7174     0.5234      11.55     -0.461     0.3099     1.5124 5.1385e-02     2.9486    14.4303    14.4263    -0.0040     0.0020  1011.5270  1011.5236    11.1572    11.1538     77.775     80.048    1458.75    1458.75     0.0481     0.0632      0.639      0.839 0.0000e+00
      58309     78.000     8.0952     8.0952   1.620574   1.619960          1     0.7176     0.5234      12.08     -0.550     0.3095     1.3316 3.6262e-02     2.9758    14.4263    14.4204    -0.0059    -0.0000  1011.5217  1011.5170    11.1542    11.1496     77.280     79.538    1458.73    1458.72     0.0486     0.0632      0.645      0.839 0.0000e+00
      58331     77.500     8.0816     8.0877   1.616938   1.618033          1     0.7175     0.5236      12.62     -0.552     0.3096     1.3199 1.3333e-02     3.0072    14.3968    14.4049     0.0081     0.0061  1011.4977  1011.5034    11.1326    11.1383     76.784     79.028    1458.63    1458.66     0.0483     0.0640      0.641      0.849 0.0000e+00
      58353     77.000     8.0685     8.0791   1.611768   1.615311          1     0.7174     0.5234      13.15     -0.541     0.3078     1.4383 4.9382e-03     3.0164    14.3522    14.3822     0.0299     0.0106  1011.4619  1011.4842    11.0990    11.1214     76.289     78.518    1458.51    1458.59     0.0482     0.0634      0.639      0.841 0.0000e+00
      58375     76.500     8.0697     8.0707   1.610818   1.610573          1     0.7180     0.5240      13.66     -0.534     0.3084     1.5369 2.3817e-04     2.9259    14.3427    14.3399    -0.0028     0.0010  1011.4520  1011.4497    11.0915    11.0892     75.794     78.008    1458.50    1458.50     0.0497     0.0653      0.659      0.867 0.0000e+00
      58398     76.000     8.0746     8.0646   1.612797   1.607721          1     0.7265     0.5301      14.16     -0.536     0.3011     1.4525 2.1641e-04     2.5516    14.3599    14.3149    -0.0450    -0.0100  1011.4626  1011.4284    11.1044    11.0703     75.299     77.498    1458.53    1458.43     0.0738     0.0876      0.980      1.162 0.0000e+00
      58420     75.500     8.0656     8.0529   1.610298   1.605813          1     0.7479     0.5528      14.68     -0.536     0.2966     1.3414 1.9838e-04     2.0294    14.3396    14.3013    -0.0383    -0.0126  1011.4452  1011.4166    11.0894    11.0608     74.803     76.989    1458.46    1458.36     0.1346     0.1693      1.786      2.245 0.0000e+00
      58442     75.000     8.0123     8.0164   1.598968   1.600633          1     0.7789     0.5860      15.20     -0.537     0.2971     1.5009 2.0633e-04     1.6668    14.2517    14.2661     0.0145     0.0041  1011.3797  1011.3905    11.0261    11.0370     74.308     76.479    1458.13    1458.16     0.2228     0.2895      2.949      3.833 0.0000e+00
      58464     74.500     8.0338     8.0640   1.596525   1.594808          1     0.8206     0.6259      15.71     -0.543     0.2859     1.3968 1.6598e-04     1.6525    14.2194    14.1907    -0.0288     0.0302  1011.3499  1011.3244    10.9988    10.9732     73.813     75.969    1458.17    1458.25     0.3411     0.4328      4.518      5.736 0.0000e+00
      58486     74.000     8.0671     8.0608   1.593208   1.590036          1     0.8552     0.6670      16.22     -0.547     0.2840     1.2860 1.8922e-04     1.5431    14.1740    14.1459    -0.0281    -0.0063  1011.3087  1011.2874    10.9599    10.9386     73.317     75.459    1458.24    1458.18     0.4389     0.5813      5.816      7.701 0.0000e+00
      58509     73.500     8.0708     8.0781   1.585002   1.583101          1     0.8864     0.7052      16.78     -0.546     0.2735     1.2913 1.8305e-04     1.3756    14.0934    14.0721    -0.0212     0.0073  1011.2430  1011.2257    10.8965    10.8792     72.822     74.949    1458.15    1458.15     0.5274     0.7187      6.985      9.520 0.0000e+00
      58531     73.000     8.1999     8.2637   1.591965   1.585371          1     0.9131     0.7426      17.35     -0.531     0.2651     1.4312 2.0493e-04     1.2532    14.1089    14.0200    -0.0889     0.0639  1011.2396  1011.1635    10.8957    10.8197     72.327     74.439    1458.67    1458.82     0.6011     0.8499      7.987     11.304 0.0000e+00
      58553     72.500     8.3212     8.3709   1.590324   1.586688          1     0.9302     0.7768      17.84     -0.532     0.2567     1.4759 1.9910e-04     1.0512    14.0448    13.9902    -0.0546     0.0496  1011.1746  1011.1268    10.8332    10.7854     71.831     73.929    1459.07    1459.20     0.6477     0.9701      8.627     12.932 0.0000e+00
      58574     72.000     8.3101     8.5209   1.590433   1.585540          1     0.9321     0.7906      18.29     -0.558     0.2487     1.6435 1.9799e-04     0.7930    14.0504    13.9202    -0.1301     0.2107  1011.1777  1011.0539    10.8386    10.7151     71.336     73.419    1459.02    1459.70     0.6531     1.0158      8.697     13.583 0.0000e+00
      58602     71.500     8.2887     8.5887   1.592450   1.587436          1     0.9193     0.7795      18.90     -0.503     0.2376     1.4225 1.8469e-04     0.5390    14.0785    13.9118    -0.1666     0.3000  1011.1995  1011.0377    10.8628    10.7014     70.841     72.910    1458.97    1459.95     0.6171     0.9747      8.215     13.053 0.0000e+00
      58694     71.000     8.7133     8.8066   1.593905   1.591536          1     1.0480     0.9144      19.52     -0.204     0.2364     1.3475 1.9593e-04     0.5605    13.9251    13.8657    -0.0594     0.0933  1011.0318  1010.9756    10.6981    10.6420     70.346     72.400    1460.45    1460.75     0.9698     1.4464     13.035     19.472 0.0000e+00
      58770     70.500     8.8217     9.0721   1.589274   1.581607          1     1.2081     1.0168      20.05     -0.170     0.2224     1.2743 1.7906e-04     0.3797    13.8387    13.6696    -0.1691     0.2504  1010.9506  1010.7910    10.6193    10.4601     69.850     71.890    1460.76    1461.54     1.4141     1.7996     19.035     24.336 0.0000e+00
      60780     70.000     8.9210     8.9768   1.561201   1.560421          1     1.4982     1.1638      20.59     -0.055     0.1947     1.2526 1.7517e-04     0.1503    13.5358    13.5069    -0.0288     0.0558  1010.7013  1010.6727    10.3725    10.3439     69.355     71.380    1460.78    1460.96     2.2208     2.3255     29.902     31.340 0.0000e+00
      61234     69.500     8.8991     8.9191   1.549654   1.551390          1     1.5835     1.2154      20.86     -0.213     0.1872     1.2164 2.0763e-04     0.0937    13.4352    13.4439     0.0088     0.0200  1010.6231  1010.6277    10.2964    10.3011     68.860     70.870    1460.56    1460.65     2.4615     2.5121     33.103     33.801 0.0000e+00
      61251     69.000     8.7933     8.7835   1.540486   1.538509          1     1.6007     1.2323      21.35     -0.538     0.1786     1.1974 1.9188e-04     0.0937    13.3887    13.3736    -0.0151    -0.0098  1010.5961  1010.5854    10.2716    10.2609     68.364     70.360    1460.08    1460.02     2.5167     2.5821     33.751     34.616 0.0000e+00
      61269     68.500     8.7752     8.7712   1.529606   1.525677          1     1.6165     1.2554      21.87     -0.683     0.1782     1.2004 1.8836e-04     0.1047    13.2930    13.2575    -0.0355    -0.0040  1010.5212  1010.4939    10.1990    10.1717     67.869     69.851    1459.88    1459.82     2.5633     2.6668     34.340     35.716 0.0000e+00
      61287     68.000     8.8859     8.9666   1.529077   1.527795          1     1.6327     1.2922      22.41     -0.669     0.1779     1.1789 1.5037e-04     0.1196    13.2469    13.2049    -0.0420     0.0807  1010.4708  1010.4292    10.1511    10.1096     67.374     69.341    1460.25    1460.52     2.6020     2.7846     34.940     37.451 0.0000e+00
      61305     67.500     9.0816     9.0897   1.529213   1.527766          1     1.6497     1.3312      22.91     -0.659     0.1898     1.1795 1.2898e-04     0.1016    13.1759    13.1593    -0.0166     0.0081  1010.3915  1010.3777    10.0744    10.0606     66.878     68.831    1460.93    1460.94     2.6374     2.9139     35.560     39.292 0.0000e+00
      61324     67.000     9.0494     9.2716   1.528512   1.524806          1     1.6652     1.3640      23.49     -0.652     0.1798     1.2899 2.0434e-04     0.0971    13.1812    13.0651    -0.1160     0.2222  1010.3969  1010.2816    10.0821     9.9671     66.383     68.321    1460.80    1461.53     2.6824     3.0175     36.141     40.834 0.0000e+00
      61343     66.500     9.0265     9.3895   1.526018   1.519751          1     1.6868     1.3888      23.95     -0.639     0.1743     1.2599 1.9081e-04     0.0938    13.1664    12.9756    -0.1908     0.3630  1010.3856  1010.1960    10.0731     9.8840     65.888     67.811    1460.68    1461.87     2.7441     3.0970     36.949     42.002 0.0000e+00
