tests/test_data/local/cnv/up_cast/uSBE09_1387_20220823_1041_77SE_14_0600.cnv
* Sea-Bird SBE 9 Data File:
* FileName = L:\nytt_ctd_format\2022\SBE09_1387_20220823_1040_77SE_14_0600.hex
* Software Version Seasave V 7.26.7.121
* Temperature SN = 5351
* Conductivity SN = 3941
* Number of Bytes Per Scan = 41
* Number of Voltage Words = 4
* Number of Scans Averaged by the Deck Unit = 1
* NMEA Latitude = 58 38.47 N
* NMEA Longitude = 010 51.70 E
* NMEA UTC (Time) = Aug 23 2022  10:41:43
* NMEA baud rate = 4800
** Station: 2 SSE Persgrund
** Operator: MHan
** Ship: 77SE Svea
** Cruise: 77SE-2022-14
** Latitud [GG MM.mm N]:
** Longitude [GG MM.mm E]:
** Pumps: PrimaryPump: 6060 # SecondaryPump: 6061
** EventIDs: EventID:  # ParentEventID:
** Additional Sampling:
** Metadata admin: MPROG: NATL # PROJ: IBT # ORDERER: SLU, HAV, SMHI # SLABO: SMHI # ALABO: SMHI # REFSK: HC-B-B8, HC-C-C2, OM7
** Metadata conditions: WADEP: 77 # WINDIR: 07 # WINSP: 3 # AIRTEMP: 19.0 # AIRPRES: 1024 # WEATH: 1 # CLOUD: 3 # WAVES: 2 # ICEOB: 0 # COMNT_VISIT:
** LIMS Job: 20227710-0600
# nquan = 32
# nvalues = 156                         
# units = specified
# name 0 = scan: Scan Count
# name 1 = prDM: Pressure, Digiquartz [db]
# name 2 = t090C: Temperature [ITS-90, deg C]
# name 3 = t190C: Temperature, 2 [ITS-90, deg C]
# name 4 = c0S/m: Conductivity [S/m]
# name 5 = c1S/m: Conductivity, 2 [S/m]
# name 6 = pumps: Pump Status
# name 7 = sbeox0V: Oxygen raw, SBE 43 [V]
# name 8 = sbeox1V: Oxygen raw, SBE 43, 2 [V]
# name 9 = altM: Altimeter [m]
# name 10 = dz/dtM: Descent Rate [m/s]
# name 11 = flECO-AFL: Fluorescence, WET Labs ECO-AFL/FL [mg/m^3]
# name 12 = flECO-AFL1: Fluorescence, WET Labs ECO-AFL/FL, 2 [mg/m^3]
# name 13 = par: PAR/Irradiance, Biospherical/Licor
# name 14 = turbWETntu0: Turbidity, WET Labs ECO [NTU]
# name 15 = sal00: Salinity, Practical [PSU]
# name 16 = sal11: Salinity, Practical, 2 [PSU]
# name 17 = secS-priS: Salinity, Practical, Difference, 2 - 1 [PSU]
# name 18 = T2-T190C: Temperature Difference, 2 - 1 [ITS-90, deg C]
# name 19 = density00: Density [density, kg/m^3]
# name 20 = density11: Density, 2 [density, kg/m^3]
# name 21 = sigma-t00: Density [sigma-t, kg/m^3 ]
# name 22 = sigma-t11: Density, 2 [sigma-t, kg/m^3 ]
# name 23 = depSM: Depth [salt water, m], lat = 58.6412
# name 24 = depFM: Depth [fresh water, m], lat = 58.6412
# name 25 = svCM: Sound Velocity [Chen-Millero, m/s]
# name 26 = svCM1: Sound Velocity, 2 [Chen-Millero, m/s]
# name 27 = sbeox0ML/L: Oxygen, SBE 43 [ml/l], WS = 2
# name 28 = sbeox1ML/L: Oxygen, SBE 43, 2 [ml/l], WS = 2
# name 29 = sbeox0PS: Oxygen, SBE 43 [% saturation], WS = 2
# name 30 = sbeox1PS: Oxygen, SBE 43, 2 [% saturation], WS = 2
# name 31 = flag: flag
# span 0 =      11422,      15464       
# span 1 =      0.500,     78.000       
# span 2 =    11.2633,    18.7858       
# span 3 =    11.3020,    18.7869       
# span 4 =   3.536765,   4.269549       
# span 5 =   3.537623,   4.268654       
# span 6 =          1,          1       
# span 7 =     2.8589,     3.4374       
# span 8 =     2.2043,     2.6686       
# span 9 =       1.34,      79.10       
# span 10 =     -0.630,     -0.178      
# span 11 =     0.1283,     1.7472      
# span 12 =    -0.3057,     0.5594      
# span 13 = 2.6182e-01, 4.2114e+03      
# span 14 =     0.0685,     1.8479      
# span 15 =    25.6908,    34.7785      
# span 16 =    25.6956,    34.8123      
# span 17 =    -0.1581,     0.9664      
# span 18 =    -0.6468,     0.6763      
# span 19 =  1017.9755,  1026.8594      
# span 20 =  1017.9789,  1026.8531      
# span 21 =    17.9733,    26.5084      
# span 22 =    17.9767,    26.5022      
# span 23 =      0.495,     77.258      
# span 24 =      0.510,     79.538      
# span 25 =    1495.24,    1512.81      
# span 26 =    1495.37,    1512.75      
# span 27 =     4.9679,     5.7049      
# span 28 =     4.9570,     5.6288      
# span 29 =     80.686,    100.848      
# span 30 =     80.588,    100.462      
# span 31 = 0.0000e+00, 0.0000e+00      
# interval = decibars: 0.5              
# start_time = Aug 23 2022 10:41:43 [NMEA time, first data scan]
# bad_flag = -9.990e-29
*END*
[from data line 46]
      12420     55.000    12.6108    12.6731   4.024501   4.028108          1     3.0564     2.3511      24.13     -0.511     0.3265     0.3805 1.1671e+00     0.2921    34.6465    34.6237    -0.0227     0.0624  1026.4425  1026.4125    26.1962    26.1663     54.480     56.084    1499.38    1499.56     5.2496     5.2083     87.664     87.074 0.0000e+00
      12440     54.500    12.7205    12.7058   4.029057   4.028717          1     3.0545     2.3489      24.61     -0.556     0.3435     0.3072 1.2299e+00     0.2742    34.5895    34.5998     0.0103    -0.0147  1026.3744  1026.3852    26.1305    26.1413     53.985     55.575    1499.67    1499.64     5.2343     5.1988     87.576     86.962 0.0000e+00
      12460     54.000    12.7844    12.8279   4.031816   4.033826          1     3.0542     2.3488      25.13     -0.600     0.3542     0.4307 1.2920e+00     0.2789    34.5576    34.5370    -0.0206     0.0435  1026.3347  1026.3101    26.0931    26.0685     53.490     55.065    1499.84    1499.96     5.2271     5.1860     87.553     86.931 0.0000e+00
      12481     53.500    12.8576    12.8226   4.035944   4.033456          1     3.0553     2.3522      25.64     -0.597     0.3588     0.5007 1.3506e+00     0.2979    34.5302    34.5385     0.0083    -0.0351  1026.2967  1026.3101    26.0573    26.0707     52.995     54.555    1500.04    1499.94     5.2218     5.1958     87.582     87.088 0.0000e+00
      12505     53.000    12.8409    12.8144   4.034820   4.033714          1     3.0585     2.3599      26.16     -0.533     0.3479     0.3340 1.4061e+00     0.2985    34.5350    34.5487     0.0137    -0.0266  1026.3014  1026.3174    26.0643    26.0802     52.499     54.045    1499.99    1499.91     5.2303     5.2178     87.697     87.447 0.0000e+00
      12529     52.500    12.8062    12.8127   4.033147   4.033766          1     3.0701     2.3641      26.64     -0.491     0.3370     0.5594 1.4594e+00     0.3044    34.5510    34.5510    -0.0000     0.0065  1026.3185  1026.3172    26.0836    26.0823     52.004     53.535    1499.88    1499.90     5.2591     5.2295     88.126     87.642 0.0000e+00
      12550     52.000    12.8315    12.8643   4.034649   4.037648          1     3.0797     2.3688      27.12     -0.524     0.3350     0.2003 1.5097e+00     0.2997    34.5424    34.5410    -0.0014     0.0329  1026.3046  1026.2970    26.0720    26.0643     51.509     53.025    1499.95    1500.06     5.2773     5.2365     88.472     87.848 0.0000e+00
      12570     51.500    12.8919    13.0295   4.038576   4.048833          1     3.0837     2.3688      27.58     -0.587     0.3522     0.4269 1.5661e+00     0.2904    34.5249    34.4971    -0.0278     0.1377  1026.2768  1026.2276    26.0464    25.9973     51.014     52.515    1500.12    1500.55     5.2795     5.2184     88.609     87.818 0.0000e+00
      12589     51.000    13.0561    13.0691   4.051622   4.051808          1     3.0835     2.3665      28.12     -0.622     0.3768     0.3932 1.6290e+00     0.2796    34.4996    34.4896    -0.0100     0.0130  1026.2220  1026.2116    25.9939    25.9836     50.518     52.006    1500.63    1500.66     5.2608     5.2073     88.580     87.697 0.0000e+00
      12611     50.500    13.3490    13.0956   4.075907   4.055574          1     3.0827     2.3720      28.62     -0.585     0.4814     0.2482 1.7046e+00     0.2618    34.4640    34.5014     0.0374    -0.2533  1026.1328  1026.2132    25.9073    25.9874     50.023     51.496    1501.55    1500.75     5.2267     5.2189     88.518     87.947 0.0000e+00
      12636     50.000    13.3307    13.1143   4.073270   4.056785          1     3.0922     2.3899      29.15     -0.508     0.6157     0.4344 1.7759e+00     0.2167    34.4559    34.4962     0.0403    -0.2164  1026.1280  1026.2030    25.9047    25.9795     49.528     50.986    1501.47    1500.80     5.2497     5.2665     88.868     88.781 0.0000e+00
      12660     49.500    13.2346    13.0151   4.063869   4.047508          1     3.0942     2.3932      29.61     -0.482     0.6895     0.4614 1.8342e+00     0.1728    34.4543    34.4985     0.0442    -0.2196  1026.1440  1026.2227    25.9229    26.0013     49.033     50.476    1501.14    1500.47     5.2647     5.2872     88.946     88.949 0.0000e+00
      12682     49.000    13.1053    13.1586   4.056057   4.060506          1     3.1032     2.3979      30.06     -0.524     0.6940     0.2848 1.9017e+00     0.1564    34.4979    34.4916    -0.0063     0.0533  1026.2017  1026.1861    25.9827    25.9671     48.538     49.966    1500.76    1500.93     5.2975     5.2834     89.287     89.143 0.0000e+00
      12702     48.500    13.3999    13.7031   4.081803   4.106126          1     3.1036     2.3990      30.60     -0.576     0.6884     0.3564 1.9856e+00     0.1553    34.4745    34.4295    -0.0450     0.3032  1026.1214  1026.0242    25.9048    25.8079     48.042     49.456    1501.69    1502.64     5.2653     5.2246     89.269     89.104 0.0000e+00
      12722     48.000    13.4674    13.6113   4.085082   4.096875          1     3.0994     2.3946      31.06     -0.597     0.6904     0.4209 2.0682e+00     0.1700    34.4445    34.4256    -0.0189     0.1439  1026.0823  1026.0380    25.8680    25.8239     47.547     48.946    1501.88    1502.32     5.2490     5.2230     89.099     88.908 0.0000e+00
      12744     47.500    13.6083    13.6635   4.095588   4.101797          1     3.0978     2.3889      31.58     -0.578     0.7347     0.4569 2.1700e+00     0.1318    34.4165    34.4249     0.0084     0.0552  1026.0292  1026.0245    25.8172    25.8126     47.052     48.436    1502.30    1502.49     5.2305     5.2008     89.024     88.624 0.0000e+00
      12767     47.000    13.7765    13.7749   4.107147   4.108935          1     3.0964     2.3890      32.09     -0.538     0.7716     0.3975 2.2776e+00     0.1226    34.3737    34.3918     0.0181    -0.0016  1025.9592  1025.9735    25.7496    25.7639     46.557     47.927    1502.79    1502.80     5.2097     5.1890     88.951     88.606 0.0000e+00
      12790     46.500    13.7497    13.7697   4.105077   4.107634          1     3.0929     2.3836      32.57     -0.517     0.7850     0.2396 2.3684e+00     0.1111    34.3786    34.3846     0.0060     0.0200  1025.9663  1025.9668    25.7590    25.7594     46.061     47.417    1502.70    1502.77     5.2045     5.1747     88.818     88.348 0.0000e+00
      12811     46.000    13.7055    13.6965   4.101992   4.102339          1     3.0960     2.3801      33.07     -0.534     0.7841     0.4661 2.4761e+00     0.1037    34.3896    34.4009     0.0113    -0.0090  1025.9817  1025.9924    25.7766    25.7872     45.566     46.907    1502.56    1502.54     5.2155     5.1727     88.932     88.191 0.0000e+00
      12832     45.500    13.8112    13.9101   4.108074   4.114654          1     3.0937     2.3766      33.57     -0.569     0.7758     0.3056 2.5919e+00     0.1088    34.3518    34.3247    -0.0272     0.0989  1025.9284  1025.8868    25.7255    25.6839     45.071     46.397    1502.85    1503.14     5.1997     5.1410     88.832     87.990 0.0000e+00
      12853     45.000    13.7795    13.9519   4.105772   4.117003          1     3.0874     2.3744      34.05     -0.584     0.7156     0.4013 2.7313e+00     0.1319    34.3590    34.3094    -0.0496     0.1725  1025.9383  1025.8640    25.7376    25.6634     44.576     45.887    1502.75    1503.25     5.1889     5.1304     88.593     87.874 0.0000e+00
      12875     44.500    13.8916    13.9464   4.112513   4.116411          1     3.0830     2.3831      34.55     -0.563     0.6975     0.5562 2.8704e+00     0.1161    34.3217    34.3090    -0.0127     0.0548  1025.8839  1025.8627    25.6855    25.6643     44.081     45.377    1503.06    1503.22     5.1680     5.1545     88.417     88.277 0.0000e+00
      12898     44.000    14.0012    13.9061   4.120109   4.112667          1     3.0875     2.3896      35.03     -0.531     0.6946     0.4821 3.0211e+00     0.1055    34.2947    34.3103     0.0156    -0.0951  1025.8379  1025.8698    25.6418    25.6737     43.585     44.868    1503.38    1503.09     5.1662     5.1766     88.568     88.584 0.0000e+00
      12921     43.500    13.9450    13.8343   4.115770   4.108227          1     3.0941     2.3908      35.56     -0.517     0.6931     0.2834 3.1694e+00     0.1007    34.3047    34.3334     0.0287    -0.1107  1025.8551  1025.9004    25.6612    25.7064     43.090     44.358    1503.20    1502.87     5.1860     5.1870     88.812     88.645 0.0000e+00
      12942     43.000    13.9405    13.9285   4.115036   4.117449          1     3.1002     2.3920      36.06     -0.536     0.6760     0.2860 3.3300e+00     0.0975    34.3021    34.3354     0.0333    -0.0120  1025.8518  1025.8800    25.6602    25.6883     42.595     43.848    1503.17    1503.17     5.1995     5.1792     89.033     88.683 0.0000e+00
      12963     42.500    13.9377    14.1646   4.115820   4.131376          1     3.1054     2.3939      36.52     -0.568     0.6900     0.3891 3.5008e+00     0.1145    34.3121    34.2544    -0.0577     0.2269  1025.8579  1025.7656    25.6685    25.5763     42.100     43.338    1503.17    1503.84     5.2104     5.1599     89.221     88.732 0.0000e+00
      12983     42.000    14.0364    14.1559   4.122168   4.131265          1     3.1071     2.3985      36.99     -0.586     0.6634     0.4946 3.6819e+00     0.1106    34.2833    34.2613    -0.0220     0.1195  1025.8128  1025.7706    25.6256    25.5835     41.604     42.828    1503.45    1503.81     5.2038     5.1728     89.271     88.941 0.0000e+00
      13005     41.500    14.1852    14.2247   4.132518   4.135933          1     3.1101     2.4050      37.54     -0.575     0.6534     0.5255 3.8820e+00     0.1114    34.2471    34.2436    -0.0034     0.0395  1025.7512  1025.7402    25.5663    25.5554     41.109     42.318    1503.88    1504.00     5.1947     5.1831     89.362     89.231 0.0000e+00
      13029     41.000    14.3058    14.2371   4.140546   4.136311          1     3.1169     2.4172      38.06     -0.530     0.6452     0.3781 4.0846e+00     0.1149    34.2145    34.2363     0.0218    -0.0687  1025.6982  1025.7297    25.5157    25.5471     40.614     41.808    1504.22    1504.02     5.1970     5.2149     89.601     89.797 0.0000e+00
      13052     40.500    14.2594    14.3257   4.137202   4.142922          1     3.1225     2.4250      38.54     -0.511     0.6248     0.3787 4.2902e+00     0.1142    34.2249    34.2190    -0.0059     0.0663  1025.7139  1025.6952    25.5336    25.5149     40.119     41.299    1504.08    1504.28     5.2133     5.2263     89.805     90.145 0.0000e+00
      13073     40.000    14.1601    14.3848   4.131277   4.148074          1     3.1320     2.4242      39.03     -0.536     0.6154     0.3787 4.4962e+00     0.1087    34.2585    34.2145    -0.0440     0.2246  1025.7586  1025.6769    25.5804    25.4989     39.623     40.789    1503.79    1504.46     5.2433     5.2174     90.160     90.095 0.0000e+00
      13093     39.500    14.3685    14.5165   4.145310   4.157803          1     3.1363     2.4222      39.48     -0.579     0.6370     0.2183 4.7107e+00     0.1087    34.2036    34.1878    -0.0158     0.1480  1025.6698  1025.6260    25.4940    25.4503     39.128     40.279    1504.38    1504.84     5.2310     5.1975     90.295     89.976 0.0000e+00
      13113     39.000    14.3301    14.5573   4.142896   4.161202          1     3.1306     2.4172      39.99     -0.598     0.6302     0.1474 4.9407e+00     0.1109    34.2155    34.1832    -0.0323     0.2272  1025.6849  1025.6114    25.5113    25.4379     38.633     39.769    1504.27    1504.96     5.2224     5.1793     90.084     89.731 0.0000e+00
      13135     38.500    14.4624    14.4764   4.153845   4.153152          1     3.1266     2.4261      40.49     -0.569     0.6191     0.1468 5.1960e+00     0.1119    34.1996    34.1809    -0.0187     0.0140  1025.6422  1025.6247    25.4708    25.4534     38.138     39.259    1504.66    1504.69     5.1995     5.2122     89.919     90.153 0.0000e+00
      13159     38.000    14.4458    14.3854   4.151443   4.147001          1     3.1346     2.4541      40.98     -0.526     0.6264     0.1845 5.4700e+00     0.1024    34.1923    34.2048     0.0125    -0.0604  1025.6379  1025.6605    25.4688    25.4913     37.642     38.749    1504.60    1504.42     5.2183     5.2975     90.210     91.475 0.0000e+00
      13182     37.500    14.1677    14.2810   4.131148   4.139184          1     3.1499     2.4794      41.51     -0.508     0.6047     0.3812 5.7397e+00     0.1026    34.2516    34.2254    -0.0263     0.1133  1025.7405  1025.6963    25.5735    25.5293     37.147     38.239    1503.76    1504.10     5.2798     5.3776     90.796     92.674 0.0000e+00
      13204     37.000    14.0730    14.4780   4.125517   4.155580          1     3.1743     2.4902      41.97     -0.530     0.5838     0.3334 6.0118e+00     0.0913    34.2839    34.2023    -0.0815     0.4050  1025.7832  1025.6341    25.6184    25.4695     36.652     37.730    1503.48    1504.69     5.3415     5.3844     91.701     93.146 0.0000e+00
      13224     36.500    14.3516    14.8304   4.145008   4.185461          1     3.1926     2.4903      42.42     -0.571     0.5924     0.2981 6.3016e+00     0.0868    34.2170    34.1660    -0.0510     0.4789  1025.6703  1025.5280    25.5078    25.3658     36.157     37.220    1504.30    1505.77     5.3514     5.3447     92.350     93.094 0.0000e+00
      13244     36.000    14.5159    14.9461   4.157246   4.195436          1     3.1920     2.4810      42.95     -0.600     0.6054     0.2861 6.6518e+00     0.0875    34.1847    34.1557    -0.0289     0.4302  1025.6081  1025.4927    25.4479    25.3328     35.661     36.710    1504.78    1506.12     5.3324     5.3064     92.308     92.636 0.0000e+00
      13265     35.500    14.7843    14.8681   4.180738   4.188361          1     3.1799     2.4754      43.43     -0.593     0.6164     0.3273 7.0318e+00     0.1019    34.1638    34.1598    -0.0039     0.0838  1025.5318  1025.5106    25.3740    25.3529     35.166     36.200    1505.60    1505.86     5.2773     5.2999     91.833     92.379 0.0000e+00
      13289     35.000    14.9120    14.9239   4.190683   4.191286          1     3.1824     2.4939      43.96     -0.537     0.6420     0.4726 7.4048e+00     0.0685    34.1426    34.1378    -0.0048     0.0119  1025.4856  1025.4792    25.3301    25.3237     34.671     35.690    1505.98    1506.01     5.2689     5.3435     91.911     93.231 0.0000e+00
      13314     34.500    14.4608    14.5738   4.152691   4.161642          1     3.2004     2.5219      44.47     -0.488     0.6516     0.4686 7.7924e+00     0.0710    34.1921    34.1746    -0.0175     0.1130  1025.6189  1025.5812    25.4654    25.4277     34.176     35.180    1504.58    1504.93     5.3554     5.4582     92.606     94.590 0.0000e+00
      13336     34.000    14.3151    14.6645   4.144619   4.171813          1     3.2255     2.5395      44.95     -0.504     0.6859     0.2893 8.2494e+00     0.0751    34.2468    34.1881    -0.0587     0.3494  1025.6900  1025.5699    25.5386    25.4187     33.680     34.670    1504.17    1505.22     5.4234     5.4943     93.542     95.397 0.0000e+00
      13355     33.500    14.6421    15.0872   4.171476   4.204161          1     3.2467     2.5414      45.38     -0.569     0.7334     0.2926 8.7488e+00     0.0765    34.2050    34.1127    -0.0923     0.4451  1025.5853  1025.4173    25.4364    25.2686     33.185     34.161    1505.16    1506.47     5.4328     5.4521     94.295     95.419 0.0000e+00
