tests/test_data/local/cnv/up_cast/uSBE09_1387_20220823_1041_77SE_14_0600.cnv
* Sea-Bird SBE 9 Data File:
* FileName = L:\nytt_ctd_format\2022\SBE09_1387_20220823_1040_77SE_14_0600.hex
* Software Version Seasave V 7.26.7.121
* Temperature SN = 5351
* Conductivity SN = 3941
* Number of Bytes Per Scan = 41
* Number of Voltage Words = 4
* Number of Scans Averaged by the Deck Unit = 1
* NMEA Latitude = 58 38.47 N
* NMEA Longitude = 010 51.70 E
* NMEA UTC (Time) = Aug 23 2022  10:41:43
* NMEA baud rate = 4800
** Station: 2 SSE Persgrund
** Operator: MHan
** Ship: 77SE Svea
** Cruise: 77SE-2022-14
** Latitud [GG MM.mm N]:
** Longitude [GG MM.mm E]:
** Pumps: PrimaryPump: 6060 # SecondaryPump: 6061
** EventIDs: EventID:  # ParentEventID:
** Additional Sampling:
** Metadata admin: MPROG: NATL # PROJ: IBT # ORDERER: SLU, HAV, SMHI # SLABO: SMHI # ALABO: SMHI # REFSK: HC-B-B8, HC-C-C2, OM7
** Metadata conditions: WADEP: 77 # WINDIR: 07 # WINSP: 3 # AIRTEMP: 19.0 # AIRPRES: 1024 # WEATH: 1 # CLOUD: 3 # WAVES: 2 # ICEOB: 0 # COMNT_VISIT:
** LIMS Job: 20227710-0600
# nquan = 32
# nvalues = 156                         
# units = specified
# name 0 = scan: Scan Count
# name 1 = prDM: Pressure, Digiquartz [db]
# name 2 = t090C: Temperature [ITS-90, deg C]
# name 3 = t190C: Temperature, 2 [ITS-90, deg C]
# name 4 = c0S/m: Conductivity [S/m]
# name 5 = c1S/m: Conductivity, 2 [S/m]
# name 6 = pumps: Pump Status
# name 7 = sbeox0V: Oxygen raw, SBE 43 [V]
# name 8 = sbeox1V: Oxygen raw, SBE 43, 2 [V]
# name 9 = altM: Altimeter [m]
# name 10 = dz/dtM: Descent Rate [m/s]
# name 11 = flECO-AFL: Fluorescence, WET Labs ECO-AFL/FL [mg/m^3]
# name 12 = flECO-AFL1: Fluorescence, WET Labs ECO-AFL/FL, 2 [mg/m^3]
# name 13 = par: PAR/Irradiance, Biospherical/Licor
# name 14 = turbWETntu0: Turbidity, WET Labs ECO [NTU]
# name 15 = sal00: Salinity, Practical [PSU]
# name 16 = sal11: Salinity, Practical, 2 [PSU]
# name 17 = secS-priS: Salinity, Practical, Difference, 2 - 1 [PSU]
# name 18 = T2-T190C: Temperature Difference, 2 - 1 [ITS-90, deg C]
# name 19 = density00: Density [density, kg/m^3]
# name 20 = density11: Density, 2 [density, kg/m^3]
# name 21 = sigma-t00: Density [sigma-t, kg/m^3 ]
# name 22 = sigma-t11: Density, 2 [sigma-t, kg/m^3 ]
# name 23 = depSM: Depth [salt water, m], lat = 58.6412
# name 24 = depFM: Depth [fresh water, m], lat = 58.6412
# name 25 = svCM: Sound Velocity [Chen-Millero, m/s]
# name 26 = svCM1: Sound Velocity, 2 [Chen-Millero, m/s]
# name 27 = sbeox0ML/L: Oxygen, SBE 43 [ml/l], WS = 2
# name 28 = sbeox1ML/L: Oxygen, SBE 43, 2 [ml/l], WS = 2
# name 29 = sbeox0PS: Oxygen, SBE 43 [% saturation], WS = 2
# name 30 = sbeox1PS: Oxygen, SBE 43, 2 [% saturation], WS = 2
# name 31 = flag: flag
# span 0 =      11422,      15464       
# span 1 =      0.500,     78.000       
# span 2 =    11.2633,    18.7858       
# span 3 =    11.3020,    18.7869       
# span 4 =   3.536765,   4.269549       
# span 5 =   3.537623,   4.268654       
# span 6 =          1,          1       
# span 7 =     2.8589,     3.4374       
# span 8 =     2.2043,     2.6686       
# span 9 =       1.34,      79.10       
# span 10 =     -0.630,     -0.178      
# span 11 =     0.1283,     1.7472      
# span 12 =    -0.3057,     0.5594      
# span 13 = 2.6182e-01, 4.2114e+03      
# span 14 =     0.0685,     1.8479      
# span 15 =    25.6908,    34.7785      
# span 16 =    25.6956,    34.8123      
# span 17 =    -0.1581,     0.9664      
# span 18 =    -0.6468,     0.6763      
# span 19 =  1017.9755,  1026.8594      
# span 20 =  1017.9789,  1026.8531      
# span 21 =    17.9733,    26.5084      
# span 22 =    17.9767,    26.5022      
# span 23 =      0.495,     77.258      
# span 24 =      0.510,     79.538      
# span 25 =    1495.24,    1512.81      
# span 26 =    1495.37,    1512.75      
# span 27 =     4.9679,     5.7049      
# span 28 =     4.9570,     5.6288      
# span 29 =     80.686,    100.848      
# span 30 =     80.588,    100.462      
# span 31 = 0.0000e+00, 0.0000e+00      
# interval = decibars: 0.5              
# start_time = Aug 23 2022 10:41:43 [NMEA time, first data scan]
# bad_flag = -9.990e-29
*END*
      11422     78.000    11.2633    11.3084   3.904384   3.908941          1     2.8589     2.2043       1.34     -0.345     0.1343     0.1560 3.9136e-01     1.8350    34.7186    34.7213     0.0027     0.0451  1026.8594  1026.8531    26.5084    26.5022     77.258     79.538    1495.24    1495.40     4.9679     4.9570     80.686     80.588 0.0000e+00
      11431     77.500    11.2702    11.3020   3.904839   3.908154          1     2.8643     2.2090       1.85     -0.444     0.1405     0.2449 3.6617e-01     1.8479    34.7169    34.7198     0.0029     0.0318  1026.8545  1026.8509    26.5058    26.5022     76.763     79.028    1495.25    1495.37     4.9793     4.9713     80.882     80.808 0.0000e+00
      11456     77.000    11.2913    11.3109   3.906869   3.908774          1     2.8680     2.2148       2.33     -0.483     0.1363     0.2368 3.4549e-01     1.7493    34.7174    34.7178     0.0004     0.0196  1026.8487  1026.8454    26.5023    26.4990     76.268     78.518    1495.32    1495.39     4.9850     4.9868     81.011     81.074 0.0000e+00
      11480     76.500    11.3585    11.3944   3.912438   3.915993          1     2.8723     2.2206       2.81     -0.495     0.1283     0.1493 3.3226e-01     1.6255    34.7095    34.7109     0.0014     0.0359  1026.8279  1026.8223    26.4838    26.4783     75.773     78.008    1495.53    1495.66     4.9872     4.9941     81.158     81.334 0.0000e+00
      11504     76.000    11.4377    11.5088   3.918584   3.925567          1     2.8759     2.2286       3.31     -0.492     0.1449     0.1507 3.1387e-01     1.4962    34.6960    34.6982     0.0022     0.0711  1026.8004  1026.7888    26.4587    26.4472     75.278     77.498    1495.78    1496.03     4.9867     5.0041     81.280     81.686 0.0000e+00
      11529     75.500    11.4146    11.5878   3.916635   3.932032          1     2.8845     2.2387       3.80     -0.490     0.1351     0.3573 3.0569e-01     1.3456    34.6987    34.6881    -0.0106     0.1732  1026.8045  1026.7639    26.4650    26.4246     74.783     76.989    1495.70    1496.28     5.0086     5.0244     81.599     82.151 0.0000e+00
      11552     75.000    11.4665    11.6613   3.920931   3.939052          1     2.8986     2.2505       4.27     -0.498     0.1581     0.2394 2.8986e-01     1.2082    34.6926    34.6886    -0.0041     0.1948  1026.7879  1026.7482    26.4507    26.4112     74.288     76.479    1495.86    1496.53     5.0350     5.0498     82.115     82.693 0.0000e+00
      11574     74.500    11.4514    11.7109   3.919963   3.944229          1     2.9127     2.2643       4.75     -0.527     0.1589     0.1731 2.6743e-01     1.2416    34.6975    34.6933    -0.0042     0.2595  1026.7923  1026.7402    26.4573    26.4056     73.792     75.969    1495.81    1496.70     5.0685     5.0834     82.638     83.333 0.0000e+00
      11596     74.000    11.6281    11.7688   3.937080   3.950787          1     2.9260     2.2771       5.28     -0.552     0.1655     0.1688 2.6476e-01     1.1394    34.7006    34.7036     0.0030     0.1407  1026.7593  1026.7350    26.4268    26.4027     73.297     75.459    1496.41    1496.90     5.0783     5.1129     83.108     83.924 0.0000e+00
      11618     73.500    11.7723    11.8487   3.950494   3.957764          1     2.9384     2.2847       5.76     -0.554     0.1875     0.1857 2.6277e-01     0.9619    34.6978    34.6976    -0.0001     0.0764  1026.7276  1026.7129    26.3975    26.3830     72.802     74.949    1496.90    1497.16     5.0899     5.1253     83.550     84.265 0.0000e+00
      11640     73.000    11.8361    11.9701   3.957180   3.971322          1     2.9500     2.2954       6.26     -0.547     0.2191     0.0998 2.6321e-01     0.7384    34.7038    34.7171     0.0132     0.1340  1026.7179  1026.7026    26.3902    26.3750     72.307     74.439    1497.12    1497.59     5.1086     5.1410     83.972     84.751 0.0000e+00
      11662     72.500    11.7928    12.0366   3.954329   3.978296          1     2.9617     2.3082       6.75     -0.543     0.2283     0.0538 2.6182e-01     0.5561    34.7166    34.7234     0.0068     0.2438  1026.7338  1026.6925    26.4083    26.3672     71.812     73.929    1496.97    1497.82     5.1394     5.1693     84.409     85.340 0.0000e+00
      11684     72.000    11.9790    12.0083   3.971638   3.975673          1     2.9793     2.3250       7.24     -0.546     0.2529     0.2556 2.6186e-01     0.5129    34.7123    34.7244     0.0121     0.0292  1026.6927  1026.6965    26.3696    26.3735     71.317     73.420    1497.60    1497.71     5.1578     5.2205     85.041     86.133 0.0000e+00
      11705     71.500    12.0327    12.1581   3.975719   3.990448          1     2.9974     2.3399       7.74     -0.562     0.2895     0.3746 2.6612e-01     0.4551    34.7023    34.7290     0.0267     0.1254  1026.6724  1026.6689    26.3516    26.3483     70.821     72.910    1497.76    1498.22     5.1927     5.2449     85.706     86.810 0.0000e+00
      11725     71.000    11.9539    12.2288   3.969416   3.996734          1     3.0053     2.3488       8.23     -0.575     0.3143     0.4270 2.7231e-01     0.4159    34.7144    34.7246     0.0102     0.2748  1026.6946  1026.6496    26.3761    26.3313     70.326     72.400    1497.50    1498.45     5.2187     5.2616     86.001     87.213 0.0000e+00
      11747     70.500    12.3106    12.4311   4.007864   4.019848          1     3.0026     2.3579       8.72     -0.575     0.3129     0.3745 2.7692e-01     0.3932    34.7566    34.7608     0.0041     0.1205  1026.6561  1026.6358    26.3402    26.3200     69.831     71.890    1498.75    1499.17     5.1701     5.2619     85.858     87.605 0.0000e+00
      11769     70.000    12.4365    12.5834   4.021112   4.035878          1     3.0072     2.3693       9.23     -0.556     0.3485    -0.0306 2.8880e-01     0.3179    34.7682    34.7747     0.0064     0.1468  1026.6383  1026.6144    26.3248    26.3010     69.336     71.380    1499.19    1499.69     5.1653     5.2753     86.010     88.113 0.0000e+00
      11791     69.500    12.2467    12.5219   4.002102   4.032602          1     3.0244     2.3798       9.72     -0.535     0.3786     0.2784 3.0320e-01     0.2610    34.7608    34.8003     0.0395     0.2752  1026.6673  1026.6441    26.3558    26.3329     68.841     70.870    1498.53    1499.50     5.2255     5.3112     86.665     88.615 0.0000e+00
      11813     69.000    11.9544    12.6308   3.970965   4.044296          1     3.0465     2.3874      10.23     -0.540     0.3937     0.2152 3.2259e-01     0.2459    34.7301    34.8123     0.0822     0.6763  1026.6977  1026.6296    26.3881    26.3208     68.346     70.360    1497.49    1499.88     5.3102     5.3191     87.517     88.954 0.0000e+00
      11834     68.500    12.2880    12.7678   4.003995   4.056513          1     3.0635     2.3889      10.71     -0.558     0.3961     0.3721 3.4003e-01     0.2540    34.7410    34.8032     0.0622     0.4797  1026.6394  1026.5931    26.3324    26.2868     67.850     69.851    1498.62    1500.32     5.3085     5.3068     88.108     88.994 0.0000e+00
      11855     68.000    12.6623    12.7886   4.043772   4.058117          1     3.0719     2.3868      11.19     -0.578     0.3872     0.5391 3.5393e-01     0.2800    34.7785    34.7995     0.0210     0.1264  1026.5928  1026.5839    26.2885    26.2798     67.355     69.341    1499.93    1500.37     5.2823     5.2983     88.377     88.888 0.0000e+00
      11876     67.500    12.7217    12.8305   4.049178   4.060984          1     3.0726     2.3818      11.70     -0.580     0.3842     0.5594 3.7265e-01     0.2916    34.7758    34.7887     0.0128     0.1088  1026.5766  1026.5648    26.2747    26.2630     66.860     68.831    1500.11    1500.49     5.2768     5.2792     88.392     88.639 0.0000e+00
      11897     67.000    12.7512    12.7478   4.050105   4.054080          1     3.0680     2.3749      12.22     -0.563     0.3771     0.1046 3.8798e-01     0.3051    34.7577    34.7989     0.0412    -0.0033  1026.5545  1026.5871    26.2548    26.2874     66.365     68.321    1500.18    1500.22     5.2635     5.2690     88.214     88.323 0.0000e+00
      11920     66.500    12.7187    12.7118   4.045359   4.047094          1     3.0636     2.3669      12.73     -0.538     0.3538     0.3485 4.0334e-01     0.3232    34.7424    34.7654     0.0230    -0.0069  1026.5469  1026.5661    26.2493    26.2685     65.870     67.811    1500.05    1500.05     5.2575     5.2515     88.045     87.944 0.0000e+00
      11943     66.000    12.6064    12.6848   4.030572   4.042015          1     3.0611     2.3624      13.22     -0.522     0.3180     0.2520 4.1524e-01     0.3480    34.7041    34.7418     0.0377     0.0784  1026.5372  1026.5509    26.2418    26.2556     65.374     67.301    1499.62    1499.92     5.2658     5.2422     87.959     87.728 0.0000e+00
      11964     65.500    12.5690    12.5833   4.028062   4.026698          1     3.0591     2.3615      13.69     -0.541     0.2877     0.3603 4.3060e-01     0.3789    34.7148    34.6883    -0.0264     0.0144  1026.5506  1026.5273    26.2574    26.2341     64.879     66.791    1499.49    1499.51     5.2650     5.2531     87.883     87.696 0.0000e+00
      11985     65.000    12.5726    12.5662   4.026405   4.023145          1     3.0577     2.3607      14.18     -0.570     0.2992     0.4603 4.4342e-01     0.3836    34.6957    34.6702    -0.0255    -0.0063  1026.5329  1026.5144    26.2419    26.2234     64.384     66.282    1499.47    1499.42     5.2618     5.2532     87.826     87.656 0.0000e+00
      12006     64.500    12.5738    12.5728   4.024808   4.023717          1     3.0547     2.3604      14.68     -0.585     0.3076     0.2917 4.6337e-01     0.3840    34.6794    34.6698    -0.0096    -0.0010  1026.5178  1026.5105    26.2290    26.2218     63.889     65.772    1499.45    1499.44     5.2552     5.2511     87.708     87.634 0.0000e+00
      12027     64.000    12.6012    12.6173   4.023927   4.026046          1     3.0522     2.3614      15.20     -0.573     0.3232     0.3323 4.7740e-01     0.3654    34.6459    34.6514     0.0056     0.0161  1026.4842  1026.4853    26.1976    26.1988     63.394     65.262    1499.50    1499.56     5.2472     5.2491     87.606     87.670 0.0000e+00
      12049     63.500    12.6157    12.5944   4.025747   4.024465          1     3.0499     2.3626      15.68     -0.553     0.3394     0.3344 4.9304e-01     0.3391    34.6502    34.6575     0.0073    -0.0213  1026.4824  1026.4923    26.1982    26.2080     62.899     64.752    1499.54    1499.48     5.2400     5.2547     87.515     87.726 0.0000e+00
      12071     63.000    12.6039    12.5617   4.025108   4.022622          1     3.0500     2.3617      16.19     -0.543     0.3503     0.3888 5.1355e-01     0.3291    34.6552    34.6702     0.0149    -0.0421  1026.4864  1026.5063    26.2044    26.2242     62.403     64.242    1499.50    1499.38     5.2409     5.2553     87.511     87.684 0.0000e+00
      12094     62.500    12.5392    12.6834   4.020252   4.031700          1     3.0538     2.3626      16.69     -0.538     0.3710     0.4464 5.3851e-01     0.3467    34.6683    34.6455    -0.0228     0.1442  1026.5071  1026.4609    26.2272    26.1812     61.908     63.732    1499.29    1499.75     5.2561     5.2439     87.654     87.700 0.0000e+00
      12115     62.000    12.4921    12.6797   4.017920   4.031653          1     3.0557     2.3616      17.24     -0.542     0.3734     0.4483 5.6062e-01     0.3380    34.6895    34.6487    -0.0408     0.1876  1026.5305  1026.4618    26.2529    26.1843     61.413     63.222    1499.15    1499.73     5.2648     5.2411     87.726     87.648 0.0000e+00
      12137     61.500    12.5045    12.6575   4.017648   4.030315          1     3.0598     2.3603      17.74     -0.553     0.3727     0.3816 5.9040e-01     0.3141    34.6757    34.6565    -0.0192     0.1530  1026.5151  1026.4701    26.2397    26.1948     60.918     62.713    1499.17    1499.66     5.2726     5.2395     87.869     87.585 0.0000e+00
      12158     61.000    12.6018    12.7244   4.025987   4.034893          1     3.0616     2.3614      18.22     -0.567     0.3776     0.4244 6.2431e-01     0.2875    34.6664    34.6391    -0.0273     0.1226  1026.4866  1026.4411    26.2135    26.1681     60.423     62.203    1499.47    1499.85     5.2654     5.2350     87.922     87.622 0.0000e+00
      12179     60.500    12.5919    12.7521   4.025893   4.036031          1     3.0599     2.3634      18.71     -0.574     0.3964     0.2139 6.5252e-01     0.2683    34.6749    34.6248    -0.0501     0.1602  1026.4928  1026.4222    26.2220    26.1515     59.927     61.693    1499.44    1499.92     5.2621     5.2375     87.854     87.706 0.0000e+00
      12200     60.000    12.6697    12.7241   4.030850   4.034409          1     3.0556     2.3626      19.17     -0.570     0.3853     0.1471 6.8839e-01     0.2622    34.6511    34.6352    -0.0159     0.0544  1026.4568  1026.4337    26.1882    26.1652     59.432     61.183    1499.67    1499.83     5.2441     5.2378     87.682     87.666 0.0000e+00
      12222     59.500    12.7396    12.7467   4.034430   4.036342          1     3.0548     2.3590      19.69     -0.559     0.4007     0.2592 7.2506e-01     0.2534    34.6214    34.6332     0.0118     0.0071  1026.4176  1026.4254    26.1513    26.1591     58.937     60.673    1499.86    1499.90     5.2350     5.2247     87.639     87.487 0.0000e+00
      12245     59.000    12.7506    12.7789   4.035129   4.037735          1     3.0580     2.3595      20.22     -0.534     0.4128     0.3758 7.6325e-01     0.2576    34.6182    34.6171    -0.0011     0.0283  1026.4107  1026.4043    26.1467    26.1403     58.442     60.163    1499.88    1499.98     5.2407     5.2225     87.753     87.498 0.0000e+00
      12268     58.500    12.6229    12.7836   4.024186   4.038360          1     3.0590     2.3598      20.70     -0.521     0.4125     0.0173 8.1227e-01     0.2664    34.6308    34.6191    -0.0117     0.1606  1026.4436  1026.4026    26.1817    26.1409     57.947     59.653    1499.46    1499.99     5.2567     5.2224     87.796     87.507 0.0000e+00
      12290     58.000    12.5063    12.6791   4.019796   4.030585          1     3.0606     2.3565      21.19     -0.530     0.3847     0.3772 8.5144e-01     0.2616    34.6962    34.6407    -0.0555     0.1728  1026.5150  1026.4379    26.2553    26.1783     57.451     59.144    1499.14    1499.65     5.2713     5.2242     87.863     87.361 0.0000e+00
      12311     57.500    12.7208    12.7351   4.032698   4.033617          1     3.0575     2.3523      21.62     -0.555     0.3746     0.4932 8.9833e-01     0.2616    34.6229    34.6185    -0.0044     0.0144  1026.4136  1026.4073    26.1563    26.1500     56.956     58.634    1499.76    1499.80     5.2418     5.2064     87.720     87.151 0.0000e+00
      12331     57.000    12.6961    12.7812   4.031363   4.035569          1     3.0529     2.3486      22.13     -0.584     0.3402     0.3980 9.4538e-01     0.2700    34.6330    34.5952    -0.0378     0.0851  1026.4240  1026.3778    26.1689    26.1228     56.461     58.124    1499.68    1499.92     5.2338     5.1911     87.547     86.965 0.0000e+00
      12352     56.500    12.7225    12.7777   4.031839   4.031558          1     3.0537     2.3493      22.64     -0.591     0.3077     0.3166 9.9529e-01     0.2783    34.6135    34.5602    -0.0533     0.0551  1026.4015  1026.3492    26.1486    26.0964     55.966     57.614    1499.74    1499.86     5.2328     5.1942     87.568     86.992 0.0000e+00
      12374     56.000    12.7205    12.7696   4.030843   4.030759          1     3.0564     2.3527      23.17     -0.566     0.2825     0.3661 1.0554e+00     0.2870    34.6060    34.5601    -0.0459     0.0491  1026.3938  1026.3485    26.1432    26.0979     55.471     57.104    1499.72    1499.83     5.2389     5.2045     87.663     87.150 0.0000e+00
