tests/test_data/local/cnv/up_cast/uSBE09_1387_20220918_1305_77SE_16_0847.cnv
* Sea-Bird SBE 9 Data File:
* FileName = L:\nytt_ctd_format\2022\SBE09_1387_20220918_1302_77SE_16_0847.hex
* Software Version Seasave V 7.26.7.121
* Temperature SN = 5351
* Conductivity SN = 3941
* Number of Bytes Per Scan = 41
* Number of Voltage Words = 4
* Number of Scans Averaged by the Deck Unit = 1
* NMEA Latitude = 55 22.96 N
* NMEA Longitude = 015 20.06 E
* NMEA UTC (Time) = Sep 18 2022  13:05:36
* NMEA baud rate = 4800
** Station: BY4 CHRISTIANS
** Operator: HBjo
** Ship: 77SE Svea
** Cruise: 77SE-2022-16
** Latitud [GG MM.mm N]:
** Longitude [GG MM.mm E]:
** Pumps: PrimaryPump: 6060 # SecondaryPump: 6061
** EventIDs: EventID:  # ParentEventID:
** Additional Sampling:
** Metadata admin: MPROG: NATL # PROJ: BAS # ORDERER: HAV, SMHI # SLABO: SMHI # ALABO: SMHI # REFSK: HC-B-B8, HC-C-C2, OM7
** Metadata conditions: WADEP_BOT: 94.0 # WADEP: 93 # WINSP: 4.8 # WINDIR: 30 # AIRPRES: 1000 # AIRTEMP: 14.05 # WEATH: 2 # CLOUD: 8 # WAVES: 2 # ICEOB: 0 # COMNT_VISIT:
** LIMS Job: 20227710-0847
# nquan = 32
# nvalues = 176                         
# units = specified
# name 0 = scan: Scan Count
# name 1 = prDM: Pressure, Digiquartz [db]
# name 2 = t090C: Temperature [ITS-90, deg C]
# name 3 = t190C: Temperature, 2 [ITS-90, deg C]
# name 4 = c0S/m: Conductivity [S/m]
# name 5 = c1S/m: Conductivity, 2 [S/m]
# name 6 = pumps: Pump Status
# name 7 = sbeox0V: Oxygen raw, SBE 43 [V]
# name 8 = sbeox1V: Oxygen raw, SBE 43, 2 [V]
# name 9 = altM: Altimeter [m]
# name 10 = dz/dtM: Descent Rate [m/s]
# name 11 = flECO-AFL: Fluorescence, WET Labs ECO-AFL/FL [mg/m^3]
# name 12 = flECO-AFL1: Fluorescence, WET Labs ECO-AFL/FL, 2 [mg/m^3]
# name 13 = par: PAR/Irradiance, Biospherical/Licor
# name 14 = turbWETntu0: Turbidity, WET Labs ECO [NTU]
# name 15 = sal00: Salinity, Practical [PSU]
# name 16 = sal11: Salinity, Practical, 2 [PSU]
# name 17 = secS-priS: Salinity, Practical, Difference, 2 - 1 [PSU]
# name 18 = T2-T190C: Temperature Difference, 2 - 1 [ITS-90, deg C]
# name 19 = density00: Density [density, kg/m^3]
# name 20 = density11: Density, 2 [density, kg/m^3]
# name 21 = sigma-t00: Density [sigma-t, kg/m^3 ]
# name 22 = sigma-t11: Density, 2 [sigma-t, kg/m^3 ]
# name 23 = depSM: Depth [salt water, m], lat = 55.3827
# name 24 = depFM: Depth [fresh water, m], lat = 55.3827
# name 25 = svCM: Sound Velocity [Chen-Millero, m/s]
# name 26 = svCM1: Sound Velocity, 2 [Chen-Millero, m/s]
# name 27 = sbeox0ML/L: Oxygen, SBE 43 [ml/l], WS = 2
# name 28 = sbeox1ML/L: Oxygen, SBE 43, 2 [ml/l], WS = 2
# name 29 = sbeox0PS: Oxygen, SBE 43 [% saturation], WS = 2
# name 30 = sbeox1PS: Oxygen, SBE 43, 2 [% saturation], WS = 2
# name 31 = flag: flag
# span 0 =      53087,      86445       
# span 1 =      0.500,     88.500       
# span 2 =     5.4569,    17.2962       
# span 3 =     5.4405,    17.2984       
# span 4 =   0.848188,   1.651290       
# span 5 =   0.846421,   1.651500       
# span 6 =          1,          1       
# span 7 =     0.7174,     3.4554       
# span 8 =     0.5233,     2.6857       
# span 9 =       1.38,      92.69       
# span 10 =     -0.799,     -0.028      
# span 11 =     0.1425,     2.4912      
# span 12 =     0.3646,     1.6537      
# span 13 = 1.2435e-04, 6.1440e+02      
# span 14 =     0.0660,     3.0164      
# span 15 =     7.5624,    14.6837      
# span 16 =     7.5632,    14.6844      
# span 17 =    -0.6911,     0.4423      
# span 18 =    -1.6584,     3.0795      
# span 19 =  1004.5795,  1027.4369      
# span 20 =  1004.5799,  1027.4369      
# span 21 =     4.5734,    11.3462      
# span 22 =     4.5729,    11.3465      
# span 23 =      0.495,     87.681      
# span 24 =      0.510,     90.245      
# span 25 =    1438.79,    1515.01      
# span 26 =    1438.72,    1515.02      
# span 27 =     0.0481,     6.5761      
# span 28 =     0.0629,     6.6825      
# span 29 =      0.639,    100.905      
# span 30 =      0.836,    101.014      
# span 31 = 0.0000e+00, 0.0000e+00      
# interval = decibars: 0.5              
# start_time = Sep 18 2022 13:05:37 [NMEA time, first data scan]
# bad_flag = -9.990e-29
*END*
[from data line 136]
      75011     20.500    16.6778    16.6882   1.123160   1.123325          1     3.2302     2.4901      72.12     -0.128     1.2061     1.6537 1.5170e+00     0.2021     7.7314     7.7307    -0.0008     0.0103  1004.8432  1004.8407     4.7492     4.7467     20.313     20.904    1481.02    1481.05     6.0686     6.0190     93.391     92.647 0.0000e+00
      75165     20.000    16.7094    16.7082   1.123443   1.123493          1     3.2318     2.4870      72.61     -0.264     1.1803     1.5420 1.6966e+00     0.2154     7.7275     7.7281     0.0006    -0.0012  1004.8321  1004.8328     4.7404     4.7411     19.818     20.394    1481.11    1481.11     6.0680     6.0066     93.441     92.493 0.0000e+00
      75204     19.500    16.7024    16.7195   1.123236   1.123795          1     3.2325     2.4865      73.12     -0.307     1.2052     1.4466 1.8965e+00     0.2169     7.7274     7.7283     0.0009     0.0171  1004.8310  1004.8285     4.7416     4.7391     19.323     19.884    1481.08    1481.14     6.0703     6.0031     93.463     92.461 0.0000e+00
      75249     19.000    16.7097    16.7175   1.123444   1.123738          1     3.2309     2.4926      73.67     -0.266     1.1947     1.5076 2.0955e+00     0.2092     7.7276     7.7283     0.0007     0.0078  1004.8275  1004.8266     4.7404     4.7395     18.827     19.375    1481.10    1481.12     6.0652     6.0215     93.399     92.740 0.0000e+00
      75293     18.500    16.7088    16.7297   1.123400   1.123968          1     3.2309     2.4921      74.18     -0.272     1.2483     1.4174 2.3408e+00     0.2061     7.7275     7.7277     0.0002     0.0209  1004.8253  1004.8216     4.7405     4.7368     18.332     18.865    1481.09    1481.15     6.0649     6.0180     93.392     92.710 0.0000e+00
      75337     18.000    16.7165    16.7294   1.123568   1.123888          1     3.2329     2.4907      74.74     -0.274     1.2184     1.3577 2.6183e+00     0.2142     7.7273     7.7272    -0.0001     0.0129  1004.8215  1004.8190     4.7390     4.7365     17.836     18.355    1481.10    1481.14     6.0684     6.0134     93.461     92.638 0.0000e+00
      75385     17.500    16.7156    16.7248   1.123402   1.123481          1     3.2331     2.4968      75.18     -0.248     1.1745     1.2792 2.9161e+00     0.2208     7.7263     7.7251    -0.0012     0.0092  1004.8186  1004.8160     4.7383     4.7357     17.341     17.845    1481.09    1481.12     6.0687     6.0322     93.462     92.918 0.0000e+00
      75431     17.000    16.7200    16.7241   1.122555   1.122268          1     3.2339     2.5039      75.71     -0.265     1.1833     1.2138 3.2607e+00     0.2417     7.7192     7.7163    -0.0029     0.0041  1004.8101  1004.8071     4.7321     4.7291     16.846     17.335    1481.09    1481.10     6.0697     6.0539     93.482     93.245 0.0000e+00
      75479     16.500    16.7158    16.7233   1.122783   1.122139          1     3.2322     2.5048      76.22     -0.247     1.2920     1.3379 3.6210e+00     0.2134     7.7218     7.7155    -0.0062     0.0075  1004.8105  1004.8044     4.7348     4.7287     16.350     16.825    1481.07    1481.09     6.0657     6.0561     93.415     93.278 0.0000e+00
      75986     16.000    16.7206    16.7222   1.122155   1.121933          1     3.2396     2.5059      76.74     -0.173     1.3994     1.2543 4.0697e+00     0.2165     7.7162     7.7143    -0.0020     0.0016  1004.8031  1004.8013     4.7297     4.7279     15.855     16.315    1481.07    1481.07     6.0826     6.0593     93.681     93.324 0.0000e+00
      77897     15.500    16.7237    16.7255   1.120975   1.121089          1     3.2501     2.5123      77.29     -0.150     1.4880     0.7580 4.4907e+00     0.2997     7.7069     7.7074     0.0005     0.0017  1004.7931  1004.7932     4.7221     4.7221     15.359     15.806    1481.06    1481.07     6.1075     6.0782     94.066     93.617 0.0000e+00
      77966     15.000    16.7229    16.7254   1.120754   1.120899          1     3.2513     2.5111      77.80     -0.183     1.6966     0.7466 5.0576e+00     0.2342     7.7055     7.7061     0.0006     0.0025  1004.7899  1004.7899     4.7211     4.7211     14.864     15.296    1481.05    1481.06     6.1102     6.0742     94.104     93.555 0.0000e+00
      78018     14.500    16.7220    16.7252   1.120635   1.120695          1     3.2530     2.5161      78.33     -0.236     1.7417     0.6940 5.6907e+00     0.2519     7.7048     7.7047    -0.0002     0.0032  1004.7873  1004.7866     4.7208     4.7201     14.368     14.786    1481.04    1481.05     6.1140     6.0890     94.160     93.782 0.0000e+00
      78064     14.000    16.7221    16.7255   1.120474   1.120519          1     3.2563     2.5178      78.82     -0.263     1.6879     0.6956 6.4299e+00     0.2380     7.7036     7.7033    -0.0003     0.0034  1004.7840  1004.7832     4.7199     4.7190     13.873     14.276    1481.03    1481.04     6.1214     6.0939     94.274     93.857 0.0000e+00
      78109     13.500    16.7244    16.7265   1.120246   1.120345          1     3.2596     2.5231      79.31     -0.266     1.6034     0.6826 7.2821e+00     0.2442     7.7016     7.7019     0.0003     0.0021  1004.7798  1004.7796     4.7179     4.7177     13.377     13.766    1481.02    1481.03     6.1288     6.1095     94.391     94.099 0.0000e+00
      78150     13.000    16.7248    16.7277   1.119999   1.119986          1     3.2679     2.5302      79.88     -0.291     1.6609     0.7231 8.2525e+00     0.2449     7.6997     7.6991    -0.0007     0.0030  1004.7760  1004.7749     4.7164     4.7153     12.882     13.256    1481.02    1481.03     6.1482     6.1305     94.690     94.423 0.0000e+00
      78193     12.500    16.7231    16.7248   1.118911   1.118722          1     3.2790     2.5426      80.38     -0.280     1.8019     0.6190 9.2794e+00     0.2457     7.6920     7.6903    -0.0017     0.0017  1004.7681  1004.7665     4.7108     4.7092     12.387     12.746    1480.99    1481.00     6.1751     6.1684     95.096     94.996 0.0000e+00
      78236     12.000    16.7217    16.7237   1.117630   1.117509          1     3.2922     2.5556      80.83     -0.278     1.7555     0.5841 1.0590e+01     0.2448     7.6828     7.6816    -0.0013     0.0020  1004.7591  1004.7577     4.7041     4.7027     11.891     12.237    1480.97    1480.97     6.2067     6.2081     95.576     95.600 0.0000e+00
      78276     11.500    16.7220    16.7239   1.116388   1.116215          1     3.3078     2.5692      81.33     -0.298     1.7867     0.3646 1.2083e+01     0.2343     7.6736     7.6720    -0.0016     0.0019  1004.7497  1004.7481     4.6970     4.6954     11.396     11.727    1480.95    1480.96     6.2441     6.2491     96.145     96.226 0.0000e+00
      78597     11.000    16.7250    16.7282   1.114923   1.114731          1     3.3162     2.5703      81.87     -0.257     1.8625     0.5311 1.3550e+01     0.2595     7.6622     7.6602    -0.0020     0.0031  1004.7381  1004.7360     4.6877     4.6856     10.900     11.217    1480.94    1480.95     6.2638     6.2518     96.449     96.269 0.0000e+00
      80421     10.500    16.7447    16.7465   1.113803   1.113922          1     3.3303     2.5825      82.40     -0.147     2.0617     1.1434 1.5023e+01     0.2970     7.6502     7.6508     0.0005     0.0018  1004.7231  1004.7231     4.6749     4.6750     10.405     10.707    1480.98    1480.99     6.2950     6.2861     96.961     96.829 0.0000e+00
      80435     10.000    16.7518    16.7542   1.113558   1.113653          1     3.3332     2.5895      82.88     -0.245     2.2849     1.1003 1.7156e+01     0.2970     7.6471     7.6474     0.0002     0.0025  1004.7171  1004.7168     4.6712     4.6710      9.909     10.197    1481.00    1481.00     6.3008     6.3061     97.063     97.150 0.0000e+00
      80480      9.500    16.7582    16.7627   1.113262   1.113291          1     3.3372     2.5928      83.41     -0.265     2.4133     0.9845 1.9631e+01     0.2949     7.6438     7.6431    -0.0006     0.0045  1004.7110  1004.7097     4.6675     4.6662      9.414      9.687    1481.00    1481.02     6.3092     6.3146     97.203     97.295 0.0000e+00
      80525      9.000    16.7686    16.7725   1.112827   1.112884          1     3.3410     2.5948      83.93     -0.266     2.3073     0.9356 2.2539e+01     0.2768     7.6386     7.6383    -0.0003     0.0039  1004.7029  1004.7019     4.6616     4.6607      8.918      9.177    1481.02    1481.04     6.3166     6.3191     97.336     97.381 0.0000e+00
      80568      8.500    16.7792    16.7825   1.112503   1.112564          1     3.3472     2.6042      84.50     -0.283     2.3239     0.9621 2.5655e+01     0.2740     7.6343     7.6341    -0.0002     0.0034  1004.6953  1004.6945     4.6563     4.6556      8.423      8.668    1481.04    1481.06     6.3299     6.3460     97.559     97.814 0.0000e+00
      80612      8.000    16.8004    16.8043   1.111898   1.111963          1     3.3509     2.6145      84.95     -0.273     2.3122     1.1269 2.9493e+01     0.2709     7.6259     7.6256    -0.0002     0.0039  1004.6826  1004.6817     4.6459     4.6450      7.927      8.158    1481.10    1481.11     6.3357     6.3739     97.686     98.283 0.0000e+00
      80653      7.500    16.8206    16.8310   1.111263   1.111107          1     3.3587     2.6205      85.41     -0.285     2.3444     1.0957 3.3867e+01     0.2837     7.6174     7.6143    -0.0031     0.0103  1004.6701  1004.6658     4.6357     4.6314      7.432      7.648    1481.15    1481.18     6.3517     6.3883     97.968     98.553 0.0000e+00
      80694      7.000    16.8405    16.8737   1.110552   1.109792          1     3.3638     2.6228      85.94     -0.300     2.3388     1.2396 3.9125e+01     0.2880     7.6085     7.5966    -0.0118     0.0332  1004.6573  1004.6420     4.6252     4.6099      6.937      7.138    1481.19    1481.29     6.3611     6.3898     98.149     98.651 0.0000e+00
      80736      6.500    16.8854    16.9007   1.109104   1.108788          1     3.3665     2.6241      86.47     -0.282     2.4197     1.4377 4.4856e+01     0.2788     7.5894     7.5842    -0.0052     0.0154  1004.6321  1004.6252     4.6023     4.5954      6.441      6.628    1481.31    1481.35     6.3618     6.3899     98.238     98.700 0.0000e+00
      80777      6.000    16.8958    16.9073   1.108744   1.108508          1     3.3700     2.6267      87.04     -0.303     2.4151     1.3708 5.1893e+01     0.2601     7.5849     7.5810    -0.0039     0.0115  1004.6243  1004.6192     4.5968     4.5917      5.946      6.118    1481.33    1481.36     6.3686     6.3967     98.361     98.817 0.0000e+00
      85508      5.000    17.2962    17.2984   1.132940   1.133076          1     3.4554     2.6857      90.19     -0.153     2.4912     0.9642 7.1210e+01     0.3259     7.7469     7.7475     0.0006     0.0022  1027.4369  1027.4369     4.6903     4.6904      4.955      5.099    1515.01    1515.02     6.5315     6.5383    100.905    101.014 0.0000e+00
      83651      4.500    16.9253    16.9257   1.106882   1.106949          1     3.3762     2.6290      88.62     -0.216     2.3272     0.8125 7.8755e+01     0.3106     7.5658     7.5662     0.0004     0.0004  1004.5974  1004.5976     4.5767     4.5770      4.459      4.589    1481.38    1481.38     6.3789     6.4002     98.570     98.899 0.0000e+00
      83713      4.000    16.9269    16.9291   1.106461   1.106617          1     3.3760     2.6283      89.16     -0.183     2.2732     0.9565 9.1024e+01     0.2925     7.5624     7.5632     0.0007     0.0023  1004.5922  1004.5923     4.5739     4.5740      3.964      4.079    1481.37    1481.38     6.3778     6.3974     98.554     98.862 0.0000e+00
      83756      3.500    16.9305    16.9319   1.106673   1.106740          1     3.3767     2.6278      89.57     -0.278     2.2681     0.8648 1.0670e+02     0.3125     7.5634     7.5636     0.0002     0.0014  1004.5899  1004.5899     4.5739     4.5738      3.468      3.569    1481.38    1481.38     6.3788     6.3952     98.577     98.832 0.0000e+00
      83805      3.000    16.9357    16.9428   1.106883   1.107218          1     3.3793     2.6294      90.10     -0.244     2.2751     0.7100 1.2499e+02     0.3228     7.5640     7.5651     0.0012     0.0071  1004.5871  1004.5867     4.5734     4.5729      2.973      3.059    1481.39    1481.41     6.3837     6.3978     98.664     98.897 0.0000e+00
      83854      2.500    16.9329    16.9402   1.106968   1.107245          1     3.3812     2.6260      90.61     -0.242     2.3728     0.7263 1.4619e+02     0.3124     7.5652     7.5659     0.0007     0.0073  1004.5863  1004.5854     4.5748     4.5740      2.477      2.549    1481.37    1481.40     6.3883     6.3878     98.729     98.736 0.0000e+00
      83890      2.000    16.9270    16.9297   1.106852   1.106972          1     3.3806     2.6265      91.10     -0.340     2.3231     0.7251 1.6895e+02     0.3082     7.5655     7.5658     0.0004     0.0027  1004.5853  1004.5851     4.5761     4.5759      1.982      2.039    1481.34    1481.35     6.3871     6.3904     98.699     98.755 0.0000e+00
      85531      1.500    16.9268    16.9315   1.106837   1.107076          1     3.3822     2.6223      91.61     -0.273     2.1620     0.7324 2.0070e+02     0.3108     7.5655     7.5663     0.0009     0.0047  1004.5831  1004.5829     4.5762     4.5760      1.486      1.530    1481.33    1481.35     6.3905     6.3770     98.752     98.552 0.0000e+00
      86413      1.000    16.9219    16.9234   1.106761   1.106949          1     3.3822     2.6178      92.08     -0.395     2.0690     0.6969 5.2722e+02     0.3271     7.5658     7.5670     0.0011     0.0015  1004.5820  1004.5826     4.5774     4.5780      0.991      1.020    1481.31    1481.32     6.3909     6.3640     98.748     98.335 0.0000e+00
      86445      0.500    16.9229    16.9240   1.106778   1.106916          1     3.3809     2.6172      92.69     -0.387     2.0174     0.6827 6.1440e+02     0.3164     7.5658     7.5666     0.0008     0.0010  1004.5795  1004.5799     4.5772     4.5776      0.495      0.510    1481.31    1481.31     6.3874     6.3619     98.695     98.305 0.0000e+00
