tests/test_data/local/cnv/up_cast/uSBE09_1387_20220823_1041_77SE_14_0600.cnv
* Sea-Bird SBE 9 Data File:
* FileName = L:\nytt_ctd_format\2022\SBE09_1387_20220823_1040_77SE_14_0600.hex
* Software Version Seasave V 7.26.7.121
* Temperature SN = 5351
* Conductivity SN = 3941
* Number of Bytes Per Scan = 41
* Number of Voltage Words = 4
* Number of Scans Averaged by the Deck Unit = 1
* NMEA Latitude = 58 38.47 N
* NMEA Longitude = 010 51.70 E
* NMEA UTC (Time) = Aug 23 2022  10:41:43
* NMEA baud rate = 4800
** Station: 2 SSE Persgrund
** Operator: MHan
** Ship: 77SE Svea
** Cruise: 77SE-2022-14
** Latitud [GG MM.mm N]:
** Longitude [GG MM.mm E]:
** Pumps: PrimaryPump: 6060 # SecondaryPump: 6061
** EventIDs: EventID:  # ParentEventID:
** Additional Sampling:
** Metadata admin: MPROG: NATL # PROJ: IBT # ORDERER: SLU, HAV, SMHI # SLABO: SMHI # ALABO: SMHI # REFSK: HC-B-B8, HC-C-C2, OM7
** Metadata conditions: WADEP: 77 # WINDIR: 07 # WINSP: 3 # AIRTEMP: 19.0 # AIRPRES: 1024 # WEATH: 1 # CLOUD: 3 # WAVES: 2 # ICEOB: 0 # COMNT_VISIT:
** LIMS Job: 20227710-0600
# nquan = 32
# nvalues = 156                         
# units = specified
# name 0 = scan: Scan Count
# name 1 = prDM: Pressure, Digiquartz [db]
# name 2 = t090C: Temperature [ITS-90, deg C]
# name 3 = t190C: Temperature, 2 [ITS-90, deg C]
# name 4 = c0S/m: Conductivity [S/m]
# name 5 = c1S/m: Conductivity, 2 [S/m]
# name 6 = pumps: Pump Status
# name 7 = sbeox0V: Oxygen raw, SBE 43 [V]
# name 8 = sbeox1V: Oxygen raw, SBE 43, 2 [V]
# name 9 = altM: Altimeter [m]
# name 10 = dz/dtM: Descent Rate [m/s]
# name 11 = flECO-AFL: Fluorescence, WET Labs ECO-AFL/FL [mg/m^3]
# name 12 = flECO-AFL1: Fluorescence, WET Labs ECO-AFL/FL, 2 [mg/m^3]
# name 13 = par: PAR/Irradiance, Biospherical/Licor
# name 14 = turbWETntu0: Turbidity, WET Labs ECO [NTU]
# name 15 = sal00: Salinity, Practical [PSU]
# name 16 = sal11: Salinity, Practical, 2 [PSU]
# name 17 = secS-priS: Salinity, Practical, Difference, 2 - 1 [PSU]
# name 18 = T2-T190C: Temperature Difference, 2 - 1 [ITS-90, deg C]
# name 19 = density00: Density [density, kg/m^3]
# name 20 = density11: Density, 2 [density, kg/m^3]
# name 21 = sigma-t00: Density [sigma-t, kg/m^3 ]
# name 22 = sigma-t11: Density, 2 [sigma-t, kg/m^3 ]
# name 23 = depSM: Depth [salt water, m], lat = 58.6412
# name 24 = depFM: Depth [fresh water, m], lat = 58.6412
# name 25 = svCM: Sound Velocity [Chen-Millero, m/s]
# name 26 = svCM1: Sound Velocity, 2 [Chen-Millero, m/s]
# name 27 = sbeox0ML/L: Oxygen, SBE 43 [ml/l], WS = 2
# name 28 = sbeox1ML/L: Oxygen, SBE 43, 2 [ml/l], WS = 2
# name 29 = sbeox0PS: Oxygen, SBE 43 [% saturation], WS = 2
# name 30 = sbeox1PS: Oxygen, SBE 43, 2 [% saturation], WS = 2
# name 31 = flag: flag
# span 0 =      11422,      15464       
# span 1 =      0.500,     78.000       
# span 2 =    11.2633,    18.7858       
# span 3 =    11.3020,    18.7869       
# span 4 =   3.536765,   4.269549       
# span 5 =   3.537623,   4.268654       
# span 6 =          1,          1       
# span 7 =     2.8589,     3.4374       
# span 8 =     2.2043,     2.6686       
# span 9 =       1.34,      79.10       
# span 10 =     -0.630,     -0.178      
# span 11 =     0.1283,     1.7472      
# span 12 =    -0.3057,     0.5594      
# span 13 = 2.6182e-01, 4.2114e+03      
# span 14 =     0.0685,     1.8479      
# span 15 =    25.6908,    34.7785      
# span 16 =    25.6956,    34.8123      
# span 17 =    -0.1581,     0.9664      
# span 18 =    -0.6468,     0.6763      
# span 19 =  1017.9755,  1026.8594      
# span 20 =  1017.9789,  1026.8531      
# span 21 =    17.9733,    26.5084      
# span 22 =    17.9767,    26.5022      
# span 23 =      0.495,     77.258      
# span 24 =      0.510,     79.538      
# span 25 =    1495.24,    1512.81      
# span 26 =    1495.37,    1512.75      
# span 27 =     4.9679,     5.7049      
# span 28 =     4.9570,     5.6288      
# span 29 =     80.686,    100.848      
# span 30 =     80.588,    100.462      
# span 31 = 0.0000e+00, 0.0000e+00      
# interval = decibars: 0.5              
# start_time = Aug 23 2022 10:41:43 [NMEA time, first data scan]
# bad_flag = -9.990e-29
*END*
[from data line 91]
      13396     32.500    14.9968    15.2007   4.190464   4.205956          1     3.2686     2.5256      46.45     -0.601     0.9605     0.3319 9.8766e+00     0.1051    34.0677    34.0306    -0.0372     0.2038  1025.3982  1025.3249    25.2538    25.1806     32.195     33.141    1506.12    1506.72     5.4431     5.3986     95.066     94.650 0.0000e+00
      13419     32.000    15.1383    15.1751   4.197530   4.200601          1     3.2808     2.5381      47.00     -0.535     1.0316     0.3106 1.0432e+01     0.0949    34.0086    34.0045    -0.0041     0.0368  1025.3195  1025.3082    25.1774    25.1661     31.699     32.631    1506.49    1506.60     5.4547     5.4355     95.502     95.233 0.0000e+00
      13444     31.500    15.1024    14.9023   4.195523   4.183787          1     3.2964     2.5565      47.45     -0.489     1.0282     0.0959 1.1054e+01     0.0903    34.0219    34.0898     0.0679    -0.2001  1025.3354  1025.4315    25.1955    25.2915     31.204     32.121    1506.38    1505.83     5.4909     5.5134     96.076     96.126 0.0000e+00
      13465     31.000    15.0418    14.9659   4.190577   4.189514          1     3.3076     2.5656      47.94     -0.518     1.0350     0.3344 1.1721e+01     0.0903    34.0300    34.0865     0.0565    -0.0760  1025.3527  1025.4129    25.2150    25.2751     30.709     31.611    1506.19    1506.01     5.5209     5.5303     96.489     96.541 0.0000e+00
      13484     30.500    15.2478    15.2361   4.196546   4.191544          1     3.3183     2.5685      48.36     -0.589     1.0758     0.3476 1.2456e+01     0.0904    33.9053    33.8707    -0.0346    -0.0118  1025.2091  1025.1850    25.0737    25.0496     30.214     31.101    1506.69    1506.61     5.5239     5.5130     96.864     96.629 0.0000e+00
      13503     30.000    15.3938    15.4144   4.193258   4.195369          1     3.3252     2.5701      48.87     -0.624     1.0852     0.3910 1.3267e+01     0.1019    33.7502    33.7513     0.0011     0.0206  1025.0552  1025.0516    24.9221    24.9184     29.718     30.592    1506.96    1507.02     5.5266     5.5001     97.099     96.674 0.0000e+00
      13525     29.500    15.4236    15.5283   4.193934   4.196668          1     3.3279     2.5718      49.41     -0.605     1.0871     0.4663 1.4256e+01     0.0982    33.7307    33.6655    -0.0652     0.1047  1025.0314  1024.9580    24.9005    24.8271     29.223     30.082    1507.02    1507.27     5.5292     5.4939     97.191     96.730 0.0000e+00
      13548     29.000    15.5483    15.4894   4.192616   4.195761          1     3.3303     2.5764      49.91     -0.535     1.0871     0.3443 1.5414e+01     0.0932    33.6124    33.6908     0.0784    -0.0589  1024.9104  1024.9839    24.7817    24.8552     28.728     29.572    1507.27    1507.17     5.5240     5.5093     97.267     96.943 0.0000e+00
      13573     28.500    15.6620    15.4976   4.186970   4.193344          1     3.3319     2.5817      50.42     -0.488     1.1109     0.3182 1.6467e+01     0.0943    33.4652    33.6624     0.1972    -0.1644  1024.7696  1024.9580    24.6431    24.8315     28.232     29.062    1507.44    1507.16     5.5190     5.5231     97.311     97.185 0.0000e+00
      13596     28.000    15.5888    15.5127   4.189122   4.190605          1     3.3366     2.5854      50.91     -0.506     1.1719     0.2819 1.7474e+01     0.1018    33.5468    33.6252     0.0783    -0.0761  1024.8465  1024.9237    24.7223    24.7995     27.737     28.552    1507.30    1507.15     5.5340     5.5322     97.482     97.352 0.0000e+00
      13616     27.500    15.6007    15.6067   4.189775   4.187176          1     3.3396     2.5856      51.37     -0.551     1.2449     0.4368 1.8774e+01     0.1026    33.5428    33.5145    -0.0283     0.0060  1024.8386  1024.8154    24.7166    24.6934     27.242     28.042    1507.32    1507.31     5.5387     5.5250     97.586     97.340 0.0000e+00
      13636     27.000    15.5896    15.6603   4.187019   4.183011          1     3.3423     2.5845      51.86     -0.587     1.4147     0.4362 2.0283e+01     0.1026    33.5277    33.4319    -0.0959     0.0707  1024.8272  1024.7377    24.7074    24.6179     26.747     27.532    1507.26    1507.37     5.5459     5.5184     97.683     97.276 0.0000e+00
      13656     26.500    15.6317    15.6746   4.180683   4.179554          1     3.3473     2.5867      52.35     -0.599     1.5228     0.3735 2.1862e+01     0.1081    33.4356    33.3891    -0.0465     0.0430  1024.7447  1024.6994    24.6272    24.5818     26.251     27.023    1507.28    1507.36     5.5543     5.5234     97.857     97.368 0.0000e+00
      13678     26.000    15.6621    15.6903   4.176561   4.174242          1     3.3553     2.5894      52.94     -0.581     1.6012     0.4185 2.3454e+01     0.1148    33.3732    33.3286    -0.0446     0.0283  1024.6877  1024.6471    24.5724    24.5318     25.756     26.513    1507.29    1507.33     5.5696     5.5306     98.147     97.487 0.0000e+00
      13701     25.500    15.6564    15.6336   4.176251   4.178697          1     3.3617     2.5980      53.47     -0.538     1.6027     0.5333 2.5317e+01     0.1148    33.3754    33.4166     0.0412    -0.0228  1024.6885  1024.7253    24.5754    24.6121     25.261     26.003    1507.27    1507.25     5.5831     5.5567     98.376     97.892 0.0000e+00
      13725     25.000    15.7538    15.6824   4.166523   4.173476          1     3.3692     2.6093      53.85     -0.510     1.6574     0.4605 2.7192e+01     0.1091    33.2068    33.3289     0.1221    -0.0714  1024.5348  1024.6447    24.4239    24.5338     24.766     25.493    1507.37    1507.29     5.5931     5.5836     98.640     98.406 0.0000e+00
      13747     24.500    15.7303    15.6456   4.168009   4.176571          1     3.3764     2.6159      54.31     -0.517     1.6783     0.4962 2.9129e+01     0.1140    33.2399    33.3878     0.1479    -0.0847  1024.5633  1024.6960    24.4546    24.5873     24.270     24.983    1507.33    1507.23     5.6094     5.6031     98.902     98.715 0.0000e+00
      13768     24.000    15.7282    15.7969   4.168811   4.167354          1     3.3803     2.6190      54.83     -0.556     1.7266     0.4170 3.1328e+01     0.1143    33.2490    33.1784    -0.0706     0.0686  1024.5685  1024.4989    24.4621    24.3924     23.775     24.473    1507.32    1507.46     5.6173     5.6003     99.042     98.834 0.0000e+00
      13788     23.500    15.8218    15.8112   4.165690   4.167759          1     3.3800     2.6187      55.28     -0.591     1.7472     0.3015 3.3703e+01     0.1145    33.1429    33.1702     0.0273    -0.0106  1024.4638  1024.4871    24.3595    24.3829     23.280     23.963    1507.49    1507.48     5.6092     5.5977     99.017     98.811 0.0000e+00
      13808     23.000    15.8801    15.8715   4.163390   4.164683          1     3.3776     2.6223      55.85     -0.593     1.6581     0.4248 3.6286e+01     0.1150    33.0739    33.0925     0.0187    -0.0086  1024.3954  1024.4117    24.2934    24.3097     22.784     23.453    1507.58    1507.57     5.5995     5.6024     98.918     98.963 0.0000e+00
      13832     22.500    15.9246    15.8765   4.162755   4.164289          1     3.3781     2.6304      56.35     -0.553     1.5933     0.4251 3.8976e+01     0.1095    33.0313    33.0850     0.0537    -0.0481  1024.3504  1024.4025    24.2506    24.3028     22.289     22.944    1507.66    1507.57     5.5966     5.6232     98.927     99.335 0.0000e+00
      13856     22.000    15.9680    15.8361   4.163813   4.164445          1     3.3837     2.6313      56.87     -0.502     1.5979     0.2617 4.1703e+01     0.1183    33.0046    33.1204     0.1158    -0.1319  1024.3180  1024.4366    24.2204    24.3390     21.794     22.434    1507.75    1507.48     5.6038     5.6288     99.124     99.378 0.0000e+00
      13877     21.500    15.9192    15.8886   4.163207   4.166636          1     3.4122     2.6305      57.44     -0.516     1.6023     0.4239 4.4258e+01     0.1207    33.0401    33.0963     0.0561    -0.0307  1024.3540  1024.4040    24.2587    24.3087     21.299     21.924    1507.63    1507.60     5.6675     5.6208    100.174     99.323 0.0000e+00
      13897     21.000    15.9201    16.2611   4.164323   4.179819          1     3.4305     2.6402      57.82     -0.571     1.5940     0.4907 4.7542e+01     0.1282    33.0495    32.9032    -0.1463     0.3410  1024.3588  1024.1691    24.2657    24.0761     20.803     21.414    1507.64    1508.53     5.7049     5.6087    100.844     99.719 0.0000e+00
      13916     20.500    15.9531    16.2934   4.165959   4.182190          1     3.4202     2.6463      58.32     -0.617     1.5661     0.4477 5.0551e+01     0.1575    33.0366    32.8974    -0.1392     0.3403  1024.3393  1024.1552    24.2484    24.0643     20.308     20.904    1507.72    1508.61     5.6796     5.6208    100.454     99.994 0.0000e+00
      13938     20.000    16.3167    16.4511   4.184606   4.189251          1     3.4070     2.6379      58.95     -0.597     1.5334     0.3805 5.3945e+01     0.1215    32.9001    32.8296    -0.0706     0.1344  1024.1493  1024.0648    24.0607    23.9762     19.813     20.394    1508.67    1509.01     5.6151     5.5822     99.936     99.572 0.0000e+00
      13963     19.500    17.2544    16.6076   4.240226   4.201781          1     3.3996     2.6429      59.37     -0.510     1.3915     0.2112 5.8248e+01     0.1105    32.6176    32.8112     0.1936    -0.6468  1023.7127  1024.0120    23.6266    23.9256     19.317     19.884    1511.19    1509.45     5.5044     5.5776     99.595     99.779 0.0000e+00
      13988     19.000    17.3416    17.1779   4.244752   4.235699          1     3.4110     2.6342      59.87     -0.469     1.3376     0.0777 6.1545e+01     0.1127    32.5862    32.6405     0.0543    -0.1637  1023.6659  1023.7462    23.5820    23.6623     18.822     19.375    1511.41    1510.98     5.5189     5.4946    100.007     99.287 0.0000e+00
      14010     18.500    17.1739    16.8739   4.233686   4.218870          1     3.4218     2.6361      60.36     -0.513     1.3303    -0.0527 6.4326e+01     0.1115    32.6265    32.7426     0.1161    -0.3001  1023.7343  1023.8930    23.6526    23.8111     18.327     18.865    1510.94    1510.16     5.5576     5.5308    100.408     99.412 0.0000e+00
      14029     18.000    17.1230    17.2594   4.230288   4.238959          1     3.4303     2.6446      60.81     -0.582     1.3193    -0.0389 6.8174e+01     0.1090    32.6387    32.6031    -0.0356     0.1364  1023.7534  1023.6940    23.6738    23.6144     17.832     18.355    1510.80    1511.16     5.5799     5.5129    100.720     99.750 0.0000e+00
      14048     17.500    17.1977    17.3796   4.234141   4.247686          1     3.4275     2.6494      61.39     -0.622     1.2293     0.0525 7.4486e+01     0.1081    32.6118    32.5813    -0.0306     0.1819  1023.7129  1023.6466    23.6355    23.5693     17.336     17.845    1510.98    1511.49     5.5664     5.5120    100.603     99.952 0.0000e+00
      14070     17.000    17.4296    17.1090   4.247383   4.232072          1     3.4215     2.6373      61.83     -0.599     1.1992     0.1447 8.0046e+01     0.1090    32.5387    32.6658     0.1272    -0.3206  1023.5998  1023.7730    23.5248    23.6979     16.841     17.335    1511.58    1510.77     5.5307     5.5084    100.361     99.418 0.0000e+00
      14094     16.500    17.8721    17.5520   4.269159   4.256909          1     3.4183     2.6433      62.30     -0.531     1.1601     0.1024 8.3023e+01     0.1118    32.3711    32.5221     0.1510    -0.3201  1023.3634  1023.5558    23.2906    23.4830     16.346     16.825    1512.70    1511.92     5.4815     5.4782    100.213     99.632 0.0000e+00
      14118     16.000    17.9268    17.8477   4.269549   4.268654          1     3.4179     2.6496      62.78     -0.492     1.1216     0.0582 8.8845e+01     0.1126    32.3312    32.3863     0.0551    -0.0790  1023.3175  1023.3787    23.2469    23.3081     15.850     16.315    1512.81    1512.64     5.4759     5.4654    100.191     99.881 0.0000e+00
      14139     15.500    17.8327    17.4729   4.266747   4.249820          1     3.4184     2.6488      63.25     -0.520     1.0933    -0.0136 9.5874e+01     0.1089    32.3822    32.5255     0.1432    -0.3599  1023.3770  1023.5728    23.3086    23.5043     15.355     15.806    1512.58    1511.67     5.4849     5.5002    100.206     99.883 0.0000e+00
      14160     15.000    17.7828    17.7297   4.265684   4.258588          1     3.4241     2.6377      63.63     -0.564     1.0508     0.0216 1.0064e+02     0.1087    32.4130    32.3953    -0.0177    -0.0531  1023.4104  1023.4095    23.3442    23.3433     14.860     15.296    1512.46    1512.28     5.5004     5.4470    100.413     99.326 0.0000e+00
      14179     14.500    17.7845    17.9410   4.265426   4.261399          1     3.4295     2.6318      64.14     -0.598     0.9950     0.0135 1.0565e+02     0.1130    32.4097    32.2516    -0.1581     0.1564  1023.4052  1023.2466    23.3412    23.1826     14.364     14.786    1512.45    1512.73     5.5109     5.4130    100.606     99.020 0.0000e+00
      14200     14.000    17.8257    17.9589   4.260608   4.259520          1     3.4326     2.6410      64.88     -0.597     0.9675    -0.2111 1.1596e+02     0.1088    32.3363    32.2217    -0.1146     0.1332  1023.3370  1023.2172    23.2752    23.1554     13.869     14.276    1512.48    1512.75     5.5149     5.4351    100.713     99.440 0.0000e+00
      14224     13.500    17.8412    17.7903   4.248806   4.257310          1     3.4322     2.6420      65.35     -0.553     0.9569     0.0256 1.2647e+02     0.1047    32.2246    32.3368     0.1122    -0.0509  1023.2455  1023.3436    23.1860    23.2840     13.374     13.766    1512.39    1512.37     5.5157     5.4522    100.691     99.502 0.0000e+00
      14252     13.000    17.9966    17.5793   4.234619   4.243745          1     3.4326     2.6498      65.79     -0.448     0.9597    -0.2543 1.3125e+02     0.1090    31.9823    32.3893     0.4070    -0.4173  1023.0206  1023.4322    22.9632    23.3748     12.878     13.256    1512.57    1511.80     5.5073     5.4937    100.688     99.887 0.0000e+00
      14281     12.500    18.0098    17.8505   4.230542   4.233924          1     3.4335     2.6509      66.37     -0.408     0.9727    -0.0909 1.4134e+02     0.1114    31.9378    32.0914     0.1536    -0.1593  1022.9811  1023.1370    22.9259    23.0818     12.383     12.746    1512.55    1512.25     5.5089     5.4755    100.717     99.894 0.0000e+00
      14306     12.000    17.9756    17.7692   4.234774   4.235268          1     3.4354     2.6512      66.77     -0.460     0.9791    -0.2440 1.5697e+02     0.1126    32.0004    32.1672     0.1668    -0.2064  1023.0350  1023.2123    22.9820    23.1593     11.888     12.237    1512.51    1512.09     5.5139     5.4827    100.780     99.915 0.0000e+00
      14333     11.500    17.9962    17.9814   4.231051   4.229724          1     3.4374     2.6528      67.31     -0.467     0.9926    -0.0005 1.6500e+02     0.1109    31.9531    31.9535     0.0004    -0.0148  1022.9917  1022.9956    22.9409    22.9448     11.392     11.727    1512.51    1512.47     5.5170     5.4698    100.848     99.956 0.0000e+00
      14605     11.000    18.0298    18.0317   4.163922   4.163098          1     3.4328     2.6436      67.83     -0.181     0.9989     0.0157 1.9129e+02     0.1145    31.3626    31.3542    -0.0084     0.0019  1022.5299  1022.5230    22.4814    22.4745     10.897     11.217    1511.93    1511.93     5.5233     5.4600    100.670     99.515 0.0000e+00
