tests/test_data/local/cnv/up_cast/uSBE09_1387_20220918_1305_77SE_16_0847.cnv
* Sea-Bird SBE 9 Data File:
* FileName = L:\nytt_ctd_format\2022\SBE09_1387_20220918_1302_77SE_16_0847.hex
* Software Version Seasave V 7.26.7.121
* Temperature SN = 5351
* Conductivity SN = 3941
* Number of Bytes Per Scan = 41
* Number of Voltage Words = 4
* Number of Scans Averaged by the Deck Unit = 1
* NMEA Latitude = 55 22.96 N
* NMEA Longitude = 015 20.06 E
* NMEA UTC (Time) = Sep 18 2022  13:05:36
* NMEA baud rate = 4800
** Station: BY4 CHRISTIANS
** Operator: HBjo
** Ship: 77SE Svea
** Cruise: 77SE-2022-16
** Latitud [GG MM.mm N]:
** Longitude [GG MM.mm E]:
** Pumps: PrimaryPump: 6060 # SecondaryPump: 6061
** EventIDs: EventID:  # ParentEventID:
** Additional Sampling:
** Metadata admin: MPROG: NATL # PROJ: BAS # ORDERER: HAV, SMHI # SLABO: SMHI # ALABO: SMHI # REFSK: HC-B-B8, HC-C-C2, OM7
** Metadata conditions: WADEP_BOT: 94.0 # WADEP: 93 # WINSP: 4.8 # WINDIR: 30 # AIRPRES: 1000 # AIRTEMP: 14.05 # WEATH: 2 # CLOUD: 8 # WAVES: 2 # ICEOB: 0 # COMNT_VISIT:
** LIMS Job: 20227710-0847
# nquan = 32
# nvalues = 176                         
# units = specified
# name 0 = scan: Scan Count
# name 1 = prDM: Pressure, Digiquartz [db]
# name 2 = t090C: Temperature [ITS-90, deg C]
# name 3 = t190C: Temperature, 2 [ITS-90, deg C]
# name 4 = c0S/m: Conductivity [S/m]
# name 5 = c1S/m: Conductivity, 2 [S/m]
# name 6 = pumps: Pump Status
# name 7 = sbeox0V: Oxygen raw, SBE 43 [V]
# name 8 = sbeox1V: Oxygen raw, SBE 43, 2 [V]
# name 9 = altM: Altimeter [m]
# name 10 = dz/dtM: Descent Rate [m/s]
# name 11 = flECO-AFL: Fluorescence, WET Labs ECO-AFL/FL [mg/m^3]
# name 12 = flECO-AFL1: Fluorescence, WET Labs ECO-AFL/FL, 2 [mg/m^3]
# name 13 = par: PAR/Irradiance, Biospherical/Licor
# name 14 = turbWETntu0: Turbidity, WET Labs ECO [NTU]
# name 15 = sal00: Salinity, Practical [PSU]
# name 16 = sal11: Salinity, Practical, 2 [PSU]
# name 17 = secS-priS: Salinity, Practical, Difference, 2 - 1 [PSU]
# name 18 = T2-T190C: Temperature Difference, 2 - 1 [ITS-90, deg C]
# name 19 = density00: Density [density, kg/m^3]
# name 20 = density11: Density, 2 [density, kg/m^3]
# name 21 = sigma-t00: Density [sigma-t, kg/m^3 ]
# name 22 = sigma-t11: Density, 2 [sigma-t, kg/m^3 ]
# name 23 = depSM: Depth [salt water, m], lat = 55.3827
# name 24 = depFM: Depth [fresh water, m], lat = 55.3827
# name 25 = svCM: Sound Velocity [Chen-Millero, m/s]
# name 26 = svCM1: Sound Velocity, 2 [Chen-Millero, m/s]
# name 27 = sbeox0ML/L: Oxygen, SBE 43 [ml/l], WS = 2
# name 28 = sbeox1ML/L: Oxygen, SBE 43, 2 [ml/l], WS = 2
# name 29 = sbeox0PS: Oxygen, SBE 43 [% saturation], WS = 2
# name 30 = sbeox1PS: Oxygen, SBE 43, 2 [% saturation], WS = 2
# name 31 = flag: flag
# span 0 =      53087,      86445       
# span 1 =      0.500,     88.500       
# span 2 =     5.4569,    17.2962       
# span 3 =     5.4405,    17.2984       
# span 4 =   0.848188,   1.651290       
# span 5 =   0.846421,   1.651500       
# span 6 =          1,          1       
# span 7 =     0.7174,     3.4554       
# span 8 =     0.5233,     2.6857       
# span 9 =       1.38,      92.69       
# span 10 =     -0.799,     -0.028      
# span 11 =     0.1425,     2.4912      
# span 12 =     0.3646,     1.6537      
# span 13 = 1.2435e-04, 6.1440e+02      
# span 14 =     0.0660,     3.0164      
# span 15 =     7.5624,    14.6837      
# span 16 =     7.5632,    14.6844      
# span 17 =    -0.6911,     0.4423      
# span 18 =    -1.6584,     3.0795      
# span 19 =  1004.5795,  1027.4369      
# span 20 =  1004.5799,  1027.4369      
# span 21 =     4.5734,    11.3462      
# span 22 =     4.5729,    11.3465      
# span 23 =      0.495,     87.681      
# span 24 =      0.510,     90.245      
# span 25 =    1438.79,    1515.01      
# span 26 =    1438.72,    1515.02      
# span 27 =     0.0481,     6.5761      
# span 28 =     0.0629,     6.6825      
# span 29 =      0.639,    100.905      
# span 30 =      0.836,    101.014      
# span 31 = 0.0000e+00, 0.0000e+00      
# interval = decibars: 0.5              
# start_time = Sep 18 2022 13:05:37 [NMEA time, first data scan]
# bad_flag = -9.990e-29
*END*
[from data line 91]
      67326     43.000     6.7160     6.6877   0.965036   0.966505          1     2.5444     1.9573      48.44     -0.517     0.1688     1.2059 3.5439e-03     0.0948     8.5724     8.5926     0.0202    -0.0283  1006.8898  1006.9070     6.6836     6.7009     42.607     43.848    1445.24    1445.14     5.5961     5.6064     69.203     69.286 0.0000e+00
      67349     42.500     6.6295     6.5907   0.958833   0.958406          1     2.5355     1.9822      48.95     -0.520     0.1747     1.2158 5.4054e-03     0.0950     8.5350     8.5404     0.0055    -0.0388  1006.8639  1006.8707     6.6601     6.6669     42.111     43.338    1444.82    1444.66     5.5830     5.7187     68.879     70.487 0.0000e+00
      67375     42.000     6.6777     6.4730   0.965048   0.945648          1     2.5175     1.9594      49.54     -0.497     0.1723     1.2047 1.0009e-02     0.0953     8.5822     8.4471    -0.1350    -0.2048  1006.8952  1006.8027     6.6938     6.6011     41.616     42.828    1445.07    1444.04     5.5191     5.6516     68.191     69.417 0.0000e+00
      67412     41.500     6.9218     6.9966   0.981399   0.990183          1     2.5535     1.9370      50.12     -0.356     0.1713     1.3179 1.0316e-02     0.0945     8.6751     8.7391     0.0641     0.0748  1006.9476  1006.9920     6.7489     6.7934     41.120     42.318    1446.20    1446.59     5.5891     5.4763     69.499     68.252 0.0000e+00
      67469     41.000     5.4835     6.2578   0.858456   0.923721          1     2.6213     1.9890      50.69     -0.146     0.1713     1.2823 1.0192e-02     0.0917     7.8503     8.2927     0.4423     0.7743  1006.3911  1006.6922     6.1930     6.4951     40.625     41.808    1439.08    1442.93     6.0489     5.8037     72.285     70.861 0.0000e+00
      69137     40.500     5.5239     5.6335   0.864970   0.874465          1     2.6478     2.0412      51.18     -0.050     0.1987     1.4939 1.0527e-02     0.1337     7.8919     7.9575     0.0656     0.1096  1006.4121  1006.4573     6.2164     6.2617     40.130     41.298    1439.25    1439.80     6.1317     6.1303     73.281     73.480 0.0000e+00
      69512     40.000     5.4569     5.4582   0.857763   0.857645          1     2.6704     2.0740      51.45     -0.205     0.1824     1.0720 1.3045e-02     0.1185     7.8374     7.8359    -0.0014     0.0012  1006.3701  1006.3690     6.1768     6.1756     39.634     40.789    1438.88    1438.89     6.2159     6.2946     74.141     75.082 0.0000e+00
      69518     39.500     5.4699     5.4962   0.857150   0.857588          1     2.6899     2.0954      51.96     -0.522     0.1835     1.0181 1.8310e-02     0.1203     7.8284     7.8265    -0.0018     0.0263  1006.3600  1006.3572     6.1690     6.1663     39.139     40.279    1438.92    1439.03     6.2750     6.3738     74.866     76.094 0.0000e+00
      69533     39.000     5.5188     5.5141   0.857768   0.855792          1     2.7168     2.1194      52.60     -0.799     0.1835     1.2847 2.1151e-02     0.1201     7.8231     7.8048    -0.0183    -0.0047  1006.3510  1006.3368     6.1625     6.1483     38.644     39.769    1439.12    1439.08     6.3508     6.4675     75.861     77.236 0.0000e+00
      69559     38.500     5.4602     5.4405   0.853654   0.852031          1     2.7502     2.1424      53.31     -0.625     0.1923     1.4222 2.4845e-02     0.1104     7.7964     7.7850    -0.0114    -0.0197  1006.3304  1006.3223     6.1442     6.1362     38.148     39.259    1438.82    1438.72     6.4674     6.5733     77.126     78.345 0.0000e+00
      69603     38.000     5.4595     5.4565   0.851729   0.851334          1     2.7740     2.1511      53.85     -0.272     0.1899     1.2092 3.4006e-02     0.1078     7.7777     7.7746    -0.0032    -0.0030  1006.3132  1006.3109     6.1295     6.1271     37.653     38.749    1438.79    1438.77     6.5429     6.6053     78.016     78.752 0.0000e+00
      69643     37.500     5.4790     5.5073   0.851886   0.852341          1     2.7839     2.1544      54.34     -0.285     0.1926     1.1712 3.8929e-02     0.0977     7.7748     7.7728    -0.0021     0.0283  1006.3076  1006.3046     6.1263     6.1233     37.157     38.239    1438.86    1438.98     6.5706     6.6089     78.382     78.895 0.0000e+00
      69671     37.000     5.4832     5.4731   0.852926   0.852536          1     2.7846     2.1578      54.80     -0.388     0.1832     1.1036 4.9090e-02     0.1007     7.7841     7.7827    -0.0015    -0.0101  1006.3123  1006.3116     6.1335     6.1328     36.662     37.729    1438.88    1438.84     6.5709     6.6279     78.400     79.059 0.0000e+00
      69697     36.500     5.4689     5.5085   0.853237   0.852802          1     2.7849     2.1594      55.34     -0.459     0.1943     1.3998 5.3614e-02     0.1080     7.7906     7.7771    -0.0135     0.0396  1006.3157  1006.3031     6.1392     6.1267     36.167     37.220    1438.82    1438.98     6.5739     6.6277     78.411     79.124 0.0000e+00
      69723     36.000     5.4690     5.5893   0.853440   0.851886          1     2.7853     2.1560      55.85     -0.467     0.1944     1.3833 6.3873e-02     0.0960     7.7926     7.7496    -0.0430     0.1202  1006.3149  1006.2750     6.1408     6.1010     35.671     36.710    1438.81    1439.28     6.5746     6.5999     78.421     78.938 0.0000e+00
      69749     35.500     5.5184     5.5768   0.853231   0.852363          1     2.7859     2.1471      56.37     -0.458     0.2054     1.0928 7.3345e-02     0.0948     7.7792     7.7572    -0.0220     0.0583  1006.2994  1006.2792     6.1278     6.1077     35.176     36.200    1439.00    1439.23     6.5676     6.5661     78.427     78.513 0.0000e+00
      69776     35.000     5.5785     5.6707   0.852475   0.850667          1     2.7863     2.1397      56.94     -0.451     0.1971     1.3967 8.1366e-02     0.0994     7.7580     7.7191    -0.0389     0.0922  1006.2773  1006.2420     6.1082     6.0729     34.680     35.690    1439.23    1439.58     6.5584     6.5204     78.424     78.131 0.0000e+00
      69802     34.500     5.5478     5.6511   0.852884   0.849017          1     2.7860     2.1389      57.47     -0.451     0.2033     1.0220 9.0182e-02     0.1104     7.7691     7.7076    -0.0615     0.1032  1006.2852  1006.2314     6.1185     6.0648     34.185     35.180    1439.10    1439.47     6.5620     6.5210     78.413     78.093 0.0000e+00
      69828     34.000     5.5851     5.6407   0.851258   0.847277          1     2.7867     2.1468      57.98     -0.458     0.2080     1.1688 1.0223e-01     0.1028     7.7447     7.6930    -0.0516     0.0555  1006.2616  1006.2181     6.0974     6.0538     33.690     34.670    1439.23    1439.40     6.5583     6.5545     78.429     78.466 0.0000e+00
      69854     33.500     5.6134     5.6086   0.849751   0.849204          1     2.7903     2.1535      58.47     -0.469     0.2071     1.1695 1.1229e-01     0.1001     7.7235     7.7193    -0.0042    -0.0048  1006.2411  1006.2380     6.0792     6.0761     33.194     34.160    1439.31    1439.29     6.5648     6.5858     78.552     78.791 0.0000e+00
      69880     33.000     5.6298     5.7247   0.848188   0.846421          1     2.7947     2.1596      59.02     -0.461     0.2080     1.2132 1.2335e-01     0.1056     7.7045     7.6657    -0.0389     0.0948  1006.2229  1006.1874     6.0635     6.0280     32.699     33.651    1439.35    1439.71     6.5761     6.5907     78.710     79.052 0.0000e+00
      69906     32.500     5.6788     5.8450   0.848885   0.849013          1     2.7946     2.1563      59.57     -0.462     0.2080     1.2134 1.3694e-01     0.0998     7.7002     7.6636    -0.0366     0.1662  1006.2146  1006.1770     6.0576     6.0202     32.203     33.141    1439.55    1440.22     6.5665     6.5550     78.689     78.859 0.0000e+00
      69948     32.000     5.9411     6.1281   0.852206   0.855979          1     2.7982     2.1531      60.15     -0.302     0.2052     1.1455 1.5287e-01     0.0980     7.6728     7.6669    -0.0059     0.1870  1006.1766  1006.1612     6.0223     6.0071     31.708     32.631    1440.64    1441.43     6.5314     6.4908     78.768     78.639 0.0000e+00
      70020     31.500     6.4617     6.4737   0.864443   0.864313          1     2.8074     2.1637      60.72     -0.128     0.2378     1.2002 1.6507e-01     0.0967     7.6731     7.6691    -0.0040     0.0120  1006.1441  1006.1401     5.9927     5.9886     31.213     32.121    1442.85    1442.90     6.4667     6.4703     79.002     79.066 0.0000e+00
      70136     31.000     6.9790     6.9783   0.877929   0.877671          1     2.8078     2.1601      61.27     -0.109     0.2684     1.3423 1.7937e-01     0.1119     7.6852     7.6829    -0.0023    -0.0008  1006.1173  1006.1156     5.9686     5.9669     30.717     31.611    1445.04    1445.03     6.3779     6.3672     78.919     78.785 0.0000e+00
      71446     30.500     7.3866     7.3426   0.888102   0.887015          1     2.7965     2.1538      61.71     -0.028     0.2859     1.2725 2.0280e-01     0.0895     7.6900     7.6896    -0.0004    -0.0440  1006.0896  1006.0925     5.9437     5.9465     30.222     31.101    1446.74    1446.55     6.2742     6.2803     78.417     78.408 0.0000e+00
      72424     30.000     7.6063     7.6253   0.894743   0.895514          1     2.8015     2.1549      62.07     -0.294     0.2922     1.3615 2.2248e-01     0.0897     7.7031     7.7061     0.0029     0.0189  1006.0806  1006.0814     5.9373     5.9381     29.726     30.591    1447.65    1447.73     6.2520     6.2361     78.562     78.399 0.0000e+00
      72480     29.500     7.8459     7.9314   0.901948   0.904657          1     2.7970     2.1526      62.73     -0.569     0.3049     1.3362 2.4889e-01     0.0949     7.7168     7.7229     0.0061     0.0855  1006.0698  1006.0677     5.9291     5.9270     29.231     30.082    1448.65    1449.00     6.1988     6.1762     78.350     78.230 0.0000e+00
      72513     29.000     8.0795     8.1155   0.906880   0.908018          1     2.7877     2.1600      63.30     -0.376     0.3148     1.3223 2.7674e-01     0.1050     7.7108     7.7133     0.0025     0.0360  1006.0436  1006.0424     5.9054     5.9042     28.736     29.572    1449.59    1449.73     6.1333     6.1737     77.957     78.541 0.0000e+00
      72544     28.500     8.1938     8.3009   0.910309   0.913466          1     2.8687     2.2417      63.81     -0.381     0.3054     1.3544 3.0338e-01     0.1074     7.7171     7.7223     0.0051     0.1072  1006.0365  1006.0308     5.9007     5.8952     28.240     29.062    1450.05    1450.49     6.3519     6.4465     80.959     82.378 0.0000e+00
      72575     28.000     8.1516     8.3457   0.908947   0.914276          1     2.9334     2.3073      64.35     -0.391     0.3147     1.3120 3.3823e-01     0.0968     7.7139     7.7198     0.0058     0.1941  1006.0350  1006.0219     5.9016     5.8887     27.745     28.552    1449.87    1450.65     6.5485     6.6825     83.377     85.475 0.0000e+00
      72608     27.500     9.5555    11.2582   0.950275   0.993840          1     2.9434     2.3738      64.88     -0.373     0.3272     1.2366 3.6842e-01     0.1003     7.7754     7.7923     0.0169     1.7027  1005.9318  1005.7653     5.8017     5.6363     27.249     28.042    1455.42    1462.11     6.3544     6.4323     83.552     88.075 0.0000e+00
      72637     27.000    12.4008    13.2280   1.025403   1.048743          1     2.9712     2.4000      65.39     -0.392     0.3250     1.2075 4.0858e-01     0.0971     7.8175     7.8368     0.0193     0.8273  1005.6338  1005.5298     5.5079     5.4043     26.754     27.532    1466.38    1469.40     5.9935     6.2180     84.217     88.985 0.0000e+00
      72665     26.500    12.7902    15.0428   1.032950   1.098370          1     2.9926     2.4029      65.88     -0.423     0.3250     1.2571 4.5361e-01     0.1041     7.7981     7.8620     0.0639     2.2526  1005.5580  1005.2601     5.4346     5.1379     26.259     27.022    1467.74    1475.79     5.9979     5.9698     84.970     88.851 0.0000e+00
      72691     26.000    12.3511    15.4305   1.023148   1.107061          1     2.9779     2.3934      66.42     -0.443     0.3241     1.3407 5.0297e-01     0.1086     7.8088     7.8520     0.0432     3.0795  1005.6269  1005.1844     5.5056     5.0647     25.763     26.513    1466.16    1477.09     6.0190     5.8880     84.460     88.353 0.0000e+00
      72718     25.500    13.4827    15.7848   1.054165   1.115054          1     2.9652     2.3874      66.90     -0.456     0.3347     1.5204 5.4779e-01     0.0963     7.8285     7.8430     0.0145     2.3021  1005.4773  1005.1130     5.3589     4.9957     25.268     26.003    1470.27    1478.26     5.8299     5.8228     83.882     88.020 0.0000e+00
      72745     25.000    13.2358    15.5354   1.045115   1.107072          1     2.9882     2.3847      67.43     -0.441     0.4328     1.3792 6.0328e-01     0.1060     7.8063     7.8314     0.0251     2.2996  1005.4961  1005.1458     5.3799     5.0307     24.772     25.493    1469.36    1477.40     5.9223     5.8472     84.747     87.921 0.0000e+00
      72771     24.500    12.8963    15.4107   1.028879   1.101966          1     3.0081     2.3986      67.96     -0.459     0.5757     1.3721 6.7549e-01     0.1243     7.7445     7.8171     0.0726     2.5143  1005.4967  1005.1542     5.3826     5.0414     24.277     24.983    1468.07    1476.96     6.0217     5.9070     85.509     88.583 0.0000e+00
      72797     24.000    12.3948    15.2431   1.017049   1.094869          1     3.0063     2.3893      68.63     -0.469     0.7562     1.5393 7.4963e-01     0.1479     7.7504     7.7956     0.0452     2.8482  1005.5693  1005.1640     5.4573     5.0534     23.781     24.473    1466.24    1476.35     6.0870     5.9007     85.484     88.163 0.0000e+00
      72823     23.500    13.4574    15.2905   1.048682   1.096953          1     3.0024     2.3964      69.22     -0.462     0.8858     1.5011 8.2908e-01     0.1703     7.7902     7.8022     0.0120     1.8331  1005.4436  1005.1578     5.3345     5.0495     23.286     23.963    1470.11    1476.51     5.9282     5.9160     85.238     88.481 0.0000e+00
      72850     23.000    13.5198    15.4118   1.048933   1.096730          1     3.0570     2.4376      69.50     -0.450     0.9548     1.1728 9.1970e-01     0.1801     7.7798     7.7768    -0.0029     1.8920  1005.4248  1005.1160     5.3180     5.0100     22.791     23.453    1470.32    1476.89     6.0597     6.0288     87.245     90.387 0.0000e+00
      72876     22.500    13.3333    14.7031   1.042621   1.077870          1     3.1229     2.4601      70.05     -0.448     0.9771     0.9979 1.0194e+00     0.1636     7.7670     7.7711     0.0041     1.3698  1005.4407  1005.2287     5.3361     5.1248     22.295     22.944    1469.63    1474.45     6.2557     6.1981     89.698     91.537 0.0000e+00
      72901     22.000    13.1849    15.5858   1.039005   1.103170          1     3.1523     2.4557      70.49     -0.470     0.9652     0.8173 1.1299e+00     0.1752     7.7680     7.7919     0.0239     2.4010  1005.4610  1005.0916     5.3587     4.9903     21.800     22.434    1469.09    1477.47     6.3529     6.0610     90.796     91.202 0.0000e+00
      72927     21.500    15.2640    16.3424   1.096865   1.121356          1     3.1791     2.4665      71.03     -0.469     0.9533     0.8088 1.2586e+00     0.1872     7.8067     7.7823    -0.0243     1.0784  1005.1538  1004.9483     5.0547     4.8496     21.304     21.924    1476.37    1479.99     6.1297     5.9917     91.610     91.598 0.0000e+00
