tests/test_data/local/cnv/up_cast/uSBE09_1387_20220918_1305_77SE_16_0847.cnv
* Sea-Bird SBE 9 Data File:
* FileName = L:\nytt_ctd_format\2022\SBE09_1387_20220918_1302_77SE_16_0847.hex
* Software Version Seasave V 7.26.7.121
* Temperature SN = 5351
* Conductivity SN = 3941
* Number of Bytes Per Scan = 41
* Number of Voltage Words = 4
* Number of Scans Averaged by the Deck Unit = 1
* NMEA Latitude = 55 22.96 N
* NMEA Longitude = 015 20.06 E
* NMEA UTC (Time) = Sep 18 2022  13:05:36
* NMEA baud rate = 4800
** Station: BY4 CHRISTIANS
** Operator: HBjo
** Ship: 77SE Svea
** Cruise: 77SE-2022-16
** Latitud [GG MM.mm N]:
** Longitude [GG MM.mm E]:
** Pumps: PrimaryPump: 6060 # SecondaryPump: 6061
** EventIDs: EventID:  # ParentEventID:
** Additional Sampling:
** Metadata admin: MPROG: NATL # PROJ: BAS # ORDERER: HAV, SMHI # SLABO: SMHI # ALABO: SMHI # REFSK: HC-B-B8, HC-C-C2, OM7
** Metadata conditions: WADEP_BOT: 94.0 # WADEP: 93 # WINSP: 4.8 # WINDIR: 30 # AIRPRES: 1000 # AIRTEMP: 14.05 # WEATH: 2 # CLOUD: 8 # WAVES: 2 # ICEOB: 0 # COMNT_VISIT:
** LIMS Job: 20227710-0847
# nquan = 32
# nvalues = 176                         
# units = specified
# name 0 = scan: Scan Count
# name 1 = prDM: Pressure, Digiquartz [db]
# name 2 = t090C: Temperature [ITS-90, deg C]
# name 3 = t190C: Temperature, 2 [ITS-90, deg C]
# name 4 = c0S/m: Conductivity [S/m]
# name 5 = c1S/m: Conductivity, 2 [S/m]
# name 6 = pumps: Pump Status
# name 7 = sbeox0V: Oxygen raw, SBE 43 [V]
# name 8 = sbeox1V: Oxygen raw, SBE 43, 2 [V]
# name 9 = altM: Altimeter [m]
# name 10 = dz/dtM: Descent Rate [m/s]
# name 11 = flECO-AFL: Fluorescence, WET Labs ECO-AFL/FL [mg/m^3]
# name 12 = flECO-AFL1: Fluorescence, WET Labs ECO-AFL/FL, 2 [mg/m^3]
# name 13 = par: PAR/Irradiance, Biospherical/Licor
# name 14 = turbWETntu0: Turbidity, WET Labs ECO [NTU]
# name 15 = sal00: Salinity, Practical [PSU]
# name 16 = sal11: Salinity, Practical, 2 [PSU]
# name 17 = secS-priS: Salinity, Practical, Difference, 2 - 1 [PSU]
# name 18 = T2-T190C: Temperature Difference, 2 - 1 [ITS-90, deg C]
# name 19 = density00: Density [density, kg/m^3]
# name 20 = density11: Density, 2 [density, kg/m^3]
# name 21 = sigma-t00: Density [sigma-t, kg/m^3 ]
# name 22 = sigma-t11: Density, 2 [sigma-t, kg/m^3 ]
# name 23 = depSM: Depth [salt water, m], lat = 55.3827
# name 24 = depFM: Depth [fresh water, m], lat = 55.3827
# name 25 = svCM: Sound Velocity [Chen-Millero, m/s]
# name 26 = svCM1: Sound Velocity, 2 [Chen-Millero, m/s]
# name 27 = sbeox0ML/L: Oxygen, SBE 43 [ml/l], WS = 2
# name 28 = sbeox1ML/L: Oxygen, SBE 43, 2 [ml/l], WS = 2
# name 29 = sbeox0PS: Oxygen, SBE 43 [% saturation], WS = 2
# name 30 = sbeox1PS: Oxygen, SBE 43, 2 [% saturation], WS = 2
# name 31 = flag: flag
# span 0 =      53087,      86445       
# span 1 =      0.500,     88.500       
# span 2 =     5.4569,    17.2962       
# span 3 =     5.4405,    17.2984       
# span 4 =   0.848188,   1.651290       
# span 5 =   0.846421,   1.651500       
# span 6 =          1,          1       
# span 7 =     0.7174,     3.4554       
# span 8 =     0.5233,     2.6857       
# span 9 =       1.38,      92.69       
# span 10 =     -0.799,     -0.028      
# span 11 =     0.1425,     2.4912      
# span 12 =     0.3646,     1.6537      
# span 13 = 1.2435e-04, 6.1440e+02      
# span 14 =     0.0660,     3.0164      
# span 15 =     7.5624,    14.6837      
# span 16 =     7.5632,    14.6844      
# span 17 =    -0.6911,     0.4423      
# span 18 =    -1.6584,     3.0795      
# span 19 =  1004.5795,  1027.4369      
# span 20 =  1004.5799,  1027.4369      
# span 21 =     4.5734,    11.3462      
# span 22 =     4.5729,    11.3465      
# span 23 =      0.495,     87.681      
# span 24 =      0.510,     90.245      
# span 25 =    1438.79,    1515.01      
# span 26 =    1438.72,    1515.02      
# span 27 =     0.0481,     6.5761      
# span 28 =     0.0629,     6.6825      
# span 29 =      0.639,    100.905      
# span 30 =      0.836,    101.014      
# span 31 = 0.0000e+00, 0.0000e+00      
# interval = decibars: 0.5              
# start_time = Sep 18 2022 13:05:37 [NMEA time, first data scan]
# bad_flag = -9.990e-29
*END*
[from data line 46]
      61383     65.500     9.0688     9.7984   1.528403   1.526352          1     1.7599     1.4530      25.02     -0.598     0.1756     1.3413 1.5222e-04     0.0939    13.1735    12.8899    -0.2836     0.7296  1010.3816  1010.0767    10.0739     9.7700     64.897     66.792    1460.84    1463.33     2.9440     3.2896     39.681     45.011 0.0000e+00
      61403     65.000     9.5004     9.7572   1.522673   1.522027          1     1.8014     1.4837      25.52     -0.604     0.1669     1.2999 1.9595e-04     0.0915    12.9630    12.8651    -0.0979     0.2567  1010.1663  1010.0600     9.8615     9.7555     64.402     66.282    1462.26    1463.13     3.0304     3.3998     41.200     46.467 0.0000e+00
      61421     64.500     9.4285     9.8341   1.519200   1.509908          1     1.8452     1.5049      26.07     -0.628     0.1592     1.2608 1.2435e-04     0.0877    12.9568    12.7269    -0.2299     0.4056  1010.1676  1009.9412     9.8650     9.6391     63.906     65.772    1461.97    1463.26     3.1567     3.4697     42.843     47.465 0.0000e+00
      61441     64.000     9.5373     9.9549   1.517076   1.506427          1     1.8796     1.5210      26.55     -0.638     0.1701     1.2557 1.6850e-04     0.0881    12.8982    12.6529    -0.2453     0.4176  1010.1070  1009.8668     9.8069     9.5672     63.411     65.262    1462.31    1463.62     3.2435     3.5166     44.117     48.217 0.0000e+00
      61461     63.500     9.9428    10.0845   1.509408   1.503962          1     1.9049     1.5314      27.09     -0.615     0.1713     1.2340 1.8159e-04     0.0904    12.6847    12.5857    -0.0989     0.1417  1009.8905  1009.7965     9.5932     9.4994     62.916     64.752    1463.61    1464.03     3.2844     3.5424     45.030     48.693 0.0000e+00
      61482     63.000     9.9788    10.1764   1.508455   1.499409          1     1.9297     1.5363      27.68     -0.586     0.1707     1.1201 1.9844e-04     0.0958    12.6634    12.5127    -0.1507     0.1976  1009.8673  1009.7262     9.5724     9.4315     62.421     64.242    1463.71    1464.29     3.3494     3.5525     45.951     48.912 0.0000e+00
      61503     62.500     9.8189    10.1382   1.508075   1.492578          1     1.9415     1.5396      28.18     -0.569     0.1690     1.1142 1.9322e-04     0.0943    12.7160    12.4640    -0.2520     0.3193  1009.9251  1009.6908     9.6323     9.3984     61.925     63.732    1463.15    1464.07     3.3936     3.5681     46.403     49.068 0.0000e+00
      61523     62.000     9.9744    10.0343   1.485644   1.492140          1     1.9530     1.5477      28.68     -0.580     0.1537     1.1964 1.9008e-04     0.0875    12.4573    12.4958     0.0385     0.0599  1009.7033  1009.7259     9.4129     9.4356     61.430     63.222    1463.43    1463.70     3.4173     3.6046     46.817     49.463 0.0000e+00
      61542     61.500     9.8333    10.0035   1.500668   1.478628          1     1.9644     1.5618      29.24     -0.605     0.1531     1.2207 1.8240e-04     0.0876    12.6433    12.3837    -0.2596     0.1702  1009.8623  1009.6402     9.5742     9.3523     60.935     62.713    1463.10    1463.44     3.4561     3.6586     47.252     50.134 0.0000e+00
      61563     61.000     9.8272     9.9275   1.490247   1.470189          1     1.9647     1.5716      29.77     -0.604     0.1535     1.1228 1.9863e-04     0.0876    12.5503    12.3329    -0.2174     0.1003  1009.7884  1009.6075     9.5026     9.3218     60.439     62.203    1462.96    1463.08     3.4594     3.7006     47.262     50.603 0.0000e+00
      61588     60.500     9.7563     9.5525   1.477214   1.428036          1     1.9479     1.5688      30.30     -0.540     0.1518     1.2528 1.6962e-04     0.0864    12.4557    12.0745    -0.3812    -0.2038  1009.7210  1009.4484     9.4374     9.1644     59.944     61.693    1462.56    1461.31     3.4211     3.7317     46.635     50.506 0.0000e+00
      62094     60.000     9.5725     9.4581   1.455225   1.420415          1     1.9355     1.5553      30.85     -0.324     0.1520     1.2195 1.4204e-04     0.0875    12.3158    12.0357    -0.2801    -0.1144  1009.6310  1009.4266     9.3494     9.1447     59.448     61.183    1461.67    1460.88     3.4079     3.6950     46.187     49.875 0.0000e+00
      64246     59.500     9.1202     9.1264   1.356942   1.356598          1     2.1658     1.6689      31.18     -0.421     0.1456     1.2805 2.0427e-04     0.0660    11.5635    11.5582    -0.0052     0.0062  1009.0945  1009.0897     8.8143     8.8095     58.953     60.673    1458.98    1459.00     4.1056     4.1405     54.834     55.306 0.0000e+00
      64240     59.000     9.1130     9.0976   1.353366   1.349368          1     2.1670     1.6714      31.76     -0.625     0.1463     1.2652 2.0007e-04     0.0662    11.5327    11.5008    -0.0319    -0.0154  1009.0690  1009.0458     8.7911     8.7679     58.458     60.163    1458.91    1458.81     4.1106     4.1540     54.879     55.427 0.0000e+00
      64259     58.500     9.1061     9.0829   1.351564   1.345830          1     2.1695     1.6718      32.23     -0.641     0.1469     1.2110 1.5291e-04     0.0683    11.5184    11.4729    -0.0455    -0.0232  1009.0562  1009.0233     8.7807     8.7477     57.963     59.653    1458.85    1458.71     4.1182     4.1574     54.967     55.444 0.0000e+00
      64277     58.000     9.0835     9.0403   1.348214   1.339512          1     2.1714     1.6725      32.77     -0.648     0.1450     1.1678 1.6073e-04     0.0704    11.4949    11.4283    -0.0665    -0.0432  1009.0379  1008.9908     8.7647     8.7175     57.467     59.144    1458.73    1458.48     4.1262     4.1653     55.037     55.478 0.0000e+00
      64296     57.500     9.0857     9.1934   1.347566   1.342802          1     2.1736     1.6795      33.26     -0.650     0.1468     1.2823 1.5051e-04     0.0711    11.4883    11.4099    -0.0784     0.1077  1009.0302  1008.9575     8.7593     8.6867     56.972     58.634    1458.72    1459.05     4.1322     4.1743     55.117     55.790 0.0000e+00
      64315     57.000     9.1945     9.2813   1.346899   1.346730          1     2.1757     1.6845      33.84     -0.637     0.1461     1.3189 1.9167e-04     0.0717    11.4475    11.4181    -0.0294     0.0869  1008.9843  1008.9520     8.7159     8.6837     56.477     58.124    1459.09    1459.39     4.1275     4.1821     55.179     56.011 0.0000e+00
      64335     56.500     9.1906     9.3096   1.346291   1.343210          1     2.1828     1.6888      34.37     -0.615     0.1465     1.2127 2.0936e-04     0.0709    11.4431    11.3769    -0.0661     0.1189  1008.9790  1008.9145     8.7129     8.6486     55.981     57.614    1459.06    1459.45     4.1477     4.1953     55.442     56.210 0.0000e+00
      64354     56.000     9.2279     9.3347   1.345415   1.341722          1     2.1881     1.6881      34.80     -0.610     0.1463     1.2579 1.5629e-04     0.0711    11.4232    11.3554    -0.0678     0.1068  1008.9571  1008.8926     8.6934     8.6291     55.486     57.104    1459.17    1459.51     4.1590     4.1903     55.635     56.168 0.0000e+00
      64373     55.500     9.3211     9.8956   1.345881   1.349324          1     2.1891     1.6789      35.39     -0.625     0.1463     1.2336 1.7661e-04     0.0762    11.3980    11.2490    -0.1490     0.5745  1008.9249  1008.7434     8.6637     8.4829     54.991     56.594    1459.50    1461.55     4.1524     4.1019     55.658     55.660 0.0000e+00
      64392     55.000     9.3077     9.9467   1.344934   1.352383          1     2.1904     1.6656      35.91     -0.639     0.1456     1.2215 1.6500e-04     0.0734    11.3936    11.2608    -0.1328     0.6389  1008.9206  1008.7443     8.6617     8.4862     54.495     56.084    1459.44    1461.75     4.1572     4.0496     55.703     55.020 0.0000e+00
      64411     54.500     9.7569    10.5715   1.351086   1.366620          1     2.1822     1.6552      36.47     -0.638     0.1456     1.2595 1.7711e-04     0.0718    11.3082    11.1957    -0.1125     0.8145  1008.8012  1008.6160     8.5452     8.3610     54.000     55.574    1461.07    1464.06     4.0904     3.9524     55.351     54.451 0.0000e+00
      64430     54.000     9.9716    10.9296   1.353749   1.365055          1     2.1723     1.6562      36.95     -0.629     0.1425     1.1852 1.6476e-04     0.0842    11.2657    11.0736    -0.1921     0.9580  1008.7406  1008.4737     8.4872     8.2214     53.504     55.065    1461.84    1465.26     4.0427     3.9241     54.960     54.459 0.0000e+00
      64449     53.500    10.1161    10.9480   1.350372   1.359829          1     2.1709     1.6667      37.45     -0.624     0.1456     1.0857 1.2867e-04     0.0836    11.1916    11.0220    -0.1696     0.8320  1008.6630  1008.4291     8.4121     8.1792     53.009     54.555    1462.29    1465.26     4.0263     3.9589     54.890     54.947 0.0000e+00
      64469     53.000    10.4413    10.7675   1.354224   1.342086          1     2.1730     1.6788      38.04     -0.618     0.1450     1.0272 1.7613e-04     0.0830    11.1255    10.9198    -0.2057     0.3263  1008.5708  1008.3706     8.3226     8.1228     52.514     54.045    1463.46    1464.45     4.0013     4.0205     54.937     55.538 0.0000e+00
      64489     52.500    10.1634    10.4801   1.354015   1.311825          1     2.1761     1.6917      38.52     -0.612     0.1447     1.4476 1.5324e-04     0.0837    11.2089    10.7375    -0.4714     0.3167  1008.6668  1008.2629     8.4207     8.0169     52.018     53.535    1462.49    1463.13     4.0347     4.0980     55.074     56.177 0.0000e+00
      64509     52.000    10.0970    10.4999   1.348882   1.311515          1     2.1813     1.7023      39.07     -0.604     0.1567     1.3714 1.4874e-04     0.0937    11.1832    10.7290    -0.4542     0.4029  1008.6526  1008.2516     8.4088     8.0080     51.523     53.025    1462.19    1463.19     4.0559     4.1326     55.270     56.672 0.0000e+00
      64530     51.500    10.2682    10.5640   1.340558   1.303839          1     2.1870     1.7103      39.63     -0.592     0.1589     1.2519 1.2698e-04     0.0901    11.0565    10.6426    -0.4139     0.2958  1008.5315  1008.1743     8.2901     7.9332     51.028     52.515    1462.69    1463.32     4.0574     4.1557     55.463     57.041 0.0000e+00
      64554     51.000    10.3595    10.6294   1.327554   1.295301          1     2.1926     1.7157      40.22     -0.526     0.1515     1.1001 1.6333e-04     0.0883    10.9131    10.5484    -0.3648     0.2699  1008.4068  1008.0908     8.1678     7.8520     50.532     52.006    1462.86    1463.44     4.0670     4.1698     55.661     57.286 0.0000e+00
      64585     50.500    10.3345    10.5945   1.319183   1.289793          1     2.2004     1.7154      40.74     -0.430     0.1524     1.2563 1.8404e-04     0.0923    10.8462    10.5099    -0.3363     0.2600  1008.3556  1008.0630     8.1189     7.8265     50.037     51.496    1462.67    1463.26     4.0922     4.1733     55.949     57.275 0.0000e+00
      66656     50.000     9.9990    10.0213   1.229830   1.226513          1     2.3193     1.7798      41.27     -0.169     0.1615     1.3195 1.6446e-04     0.0866    10.1463    10.1103    -0.0360     0.0223  1007.8495  1007.8188     7.6145     7.5838     49.542     50.986    1460.53    1460.57     4.4734     4.4703     60.414     60.389 0.0000e+00
      66954     49.500     9.8733     9.7698   1.211929   1.203866          1     2.3396     1.8032      41.78     -0.247     0.1574     1.1644 1.6530e-04     0.0855    10.0219     9.9782    -0.0437    -0.1035  1007.7651  1007.7427     7.5322     7.5097     49.046     50.476    1459.88    1459.43     4.5462     4.5846     61.179     61.530 0.0000e+00
      67004     49.000     9.7805     9.3387   1.204981   1.171344          1     2.3501     1.8127      42.27     -0.237     0.1725     1.2231 1.9113e-04     0.1048     9.9855     9.8040    -0.1814    -0.4418  1007.7448  1007.6519     7.5142     7.4207     48.551     49.966    1459.47    1457.52     4.5869     4.6738     61.580     62.034 0.0000e+00
      67043     48.500     9.5998     9.3326   1.190559   1.171824          1     2.3524     1.8124      42.82     -0.299     0.1625     1.2796 1.9608e-04     0.0839     9.9058     9.8101    -0.0957    -0.2672  1007.7006  1007.6550     7.4721     7.4261     48.056     49.456    1458.66    1457.50     4.6158     4.6728     61.678     62.014 0.0000e+00
      67075     48.000     9.5555     8.8187   1.187274   1.132451          1     2.3672     1.8265      43.27     -0.365     0.1549     1.2721 1.6139e-04     0.0844     9.8886     9.5902    -0.2983    -0.7369  1007.6897  1007.5331     7.4635     7.3059     47.560     48.946    1458.46    1455.18     4.6625     4.7932     62.231     62.756 0.0000e+00
      67106     47.500     9.3094     7.9475   1.166563   1.069335          1     2.3794     1.8410      43.76     -0.378     0.1603     1.3466 1.5981e-04     0.0844     9.7684     9.2406    -0.5279    -1.3619  1007.6200  1007.3390     7.3958     7.1131     47.065     48.436    1457.34    1451.23     4.7292     4.9679     62.710     63.569 0.0000e+00
      67132     47.000     8.6379     7.5640   1.120347   1.044524          1     2.3884     1.8654      44.31     -0.437     0.1594     1.1669 1.6065e-04     0.0834     9.5292     9.1093    -0.4200    -1.0740  1007.4993  1007.2665     7.2766     7.0424     46.569     47.927    1454.37    1449.50     4.8430     5.1142     63.119     64.787 0.0000e+00
      67158     46.500     8.6857     7.0273   1.121991   1.001375          1     2.4076     1.9012      44.81     -0.468     0.1574     1.0757 1.6167e-04     0.0857     9.5310     8.8398    -0.6911    -1.6584  1007.4933  1007.0943     7.2731     6.8719     46.074     47.417    1454.55    1446.93     4.8921     5.3340     63.829     66.581 0.0000e+00
      67182     46.000     8.0908     6.7004   1.079252   0.976455          1     2.4283     1.9192      45.29     -0.480     0.1577     1.2076 2.0615e-04     0.0880     9.2957     8.6855    -0.6102    -1.3904  1007.3628  1006.9941     7.1442     6.7737     45.579     46.907    1451.86    1445.36     5.0349     5.4558     64.673     67.493 0.0000e+00
      67207     45.500     7.4938     6.4679   1.037659   0.954000          1     2.4517     1.9281      46.00     -0.482     0.1542     1.1726 1.6084e-04     0.0882     9.0628     8.5284    -0.5345    -1.0259  1007.2284  1006.8838     7.0114     6.6654     45.083     46.397    1449.12    1444.18     5.1910     5.5305     65.628     67.957 0.0000e+00
      67232     45.000     7.3488     6.8588   1.022530   0.986694          1     2.4726     1.9384      46.54     -0.486     0.1642     1.0089 3.9685e-04     0.0895     8.9579     8.7433    -0.2146    -0.4901  1007.1555  1007.0237     6.9406     6.8082     44.588     45.887    1448.39    1446.08     5.2764     5.5036     66.430     68.374 0.0000e+00
      67255     44.500     7.0826     6.6413   1.000477   0.963478          1     2.4849     1.9441      47.01     -0.505     0.1626     1.1214 3.0091e-04     0.0889     8.8178     8.5762    -0.2416    -0.4413  1007.0637  1006.9051     6.8509     6.6917     44.093     45.377    1447.10    1444.95     5.3549     5.5636     66.925     68.678 0.0000e+00
      67279     44.000     6.9513     6.6320   0.988090   0.964435          1     2.5007     1.9462      47.55     -0.500     0.1734     1.1674 1.5083e-04     0.1003     8.7335     8.5877    -0.1457    -0.3193  1007.0047  1006.9124     6.7941     6.7014     43.597     44.868    1446.44    1444.92     5.4241     5.5725     67.536     68.777 0.0000e+00
