file_explorer/tests/test_data/SBE09_1387_20220613_1800_77SE_11_0511.cnv
* Sea-Bird SBE 9 Data File:
* FileName = L:\2022\SBE09_1387_20220613_1800_77SE_11_0511.hex
* Software Version Seasave V 7.26.7.121
* Temperature SN = 5351
* Conductivity SN = 3941
* Number of Bytes Per Scan = 41
* Number of Voltage Words = 4
* Number of Scans Averaged by the Deck Unit = 1
* NMEA Latitude = 58 56.19 N
* NMEA Longitude = 019 09.31 E
* NMEA UTC (Time) = Jun 13 2022  18:02:03
* NMEA baud rate = 4800
** Station: HUVUDSKÄR
** Operator: MHan
** Ship: 77SE Svea
** Average sound velocity: 1440.86 m/s
** True-depth calculation Tue, 14 Jun 2022 13:39:11 +0000
** Cruise: 77SE-2022-11
** Latitud [GG MM.mm N]:
** Longitude [GG MM.mm E]:
** Pumps: PrimaryPump: 6060 # SecondaryPump: 6061
** EventIDs: EventID:  # ParentEventID:
** Additional Sampling:
** Metadata admin: MPROG: NATL # PROJ: EXT # ORDERER: HAV, SMHI # SLABO: SMHI # ALABO: SMHI # REFSK: HC-B-B8, HC-C-C2, OM7
** Metadata conditions: WADEP: 90 # WINDIR: 23 # WINSP: 8 # AIRTEMP: 13.8 # AIRPRES: 1009.5 # WEATH: 1 # CLOUD: 6 # WAVES: 3 # ICEOB: 0 # COMNT_VISIT: Test av nya CTD-systemet
** LIMS Job: 20227710-0511
# nquan = 30
# nvalues = 174
# units = specified
# name 0 = scan: Scan Count
# name 1 = prDM: Pressure, Digiquartz [db]
# name 2 = t090C: Temperature [ITS-90, deg C]
# name 3 = t190C: Temperature, 2 [ITS-90, deg C]
# name 4 = c0S/m: Conductivity [S/m]
# name 5 = c1S/m: Conductivity, 2 [S/m]
# name 6 = pumps: Pump Status
# name 7 = sbeox0V: Oxygen raw, SBE 43 [V]
# name 8 = sbeox1V: Oxygen raw, SBE 43, 2 [V]
# name 9 = altM: Altimeter [m]
# name 10 = dz/dtM: Descent Rate [m/s]
# name 11 = flECO-AFL: Chl-a Fluorescence, WET Labs ECO-AFL/FL [mg/m^3]
# name 12 = flECO-AFL1: Phycocyanin Fluorescence, WET Labs ECO-AFL/FL, 2 [mg/m^3]
# name 13 = par: PAR/Irradiance, Biospherical/Licor [µE/(cm^2*s)]
# name 14 = turbWETntu0: Turbidity, WET Labs ECO [NTU]
# name 15 = sal00: Salinity, Practical [PSU]
# name 16 = sal11: Salinity, Practical, 2 [PSU]
# name 17 = secS-priS: Salinity, Practical, Difference, 2 - 1 [PSU]
# name 18 = T2-T190C: Temperature Difference, 2 - 1 [ITS-90, deg C]
# name 19 = sigma-t00: Density [sigma-t, kg/m^3 ]
# name 20 = sigma-t11: Density, 2 [sigma-t, kg/m^3 ]
# name 21 = depSM: Depth [salt water, m], lat = 58.9365
# name 22 = depFM: Depth [true depth, m], lat = 58.9365
# name 23 = svCM: Sound Velocity [Chen-Millero, m/s]
# name 24 = svCM1: Sound Velocity, 2 [Chen-Millero, m/s]
# name 25 = sbeox0ML/L: Oxygen, SBE 43 [ml/l], WS = 2
# name 26 = sbeox1ML/L: Oxygen, SBE 43, 2 [ml/l], WS = 2
# name 27 = sbeox0PS: Oxygen, SBE 43 [% saturation], WS = 2
# name 28 = sbeox1PS: Oxygen, SBE 43, 2 [% saturation], WS = 2
# name 29 = flag: flag
# span 0 =      15917,      25350
# span 1 =      1.000,     88.000
# span 2 =     3.3892,    13.1910
# span 3 =     3.3910,    13.1936
# span 4 =   0.735290,   1.161511
# span 5 =   0.735895,   1.159422
# span 6 =          1,          1
# span 7 =     0.7236,     3.7932
# span 8 =     0.5262,     2.9603
# span 9 =       1.15,      92.34
# span 10 =     -0.299,      0.546
# span 11 =     0.1940,     7.5716
# span 12 =     1.3185,     3.6829
# span 13 = 1.3161e-04, 8.1574e+02
# span 14 =     0.0437,     1.1236
# span 15 =     5.5810,    10.5858
# span 16 =     5.5811,    10.5706
# span 17 =    -0.0252,     0.0204
# span 18 =    -0.0184,     0.1107
# span 19 =     3.6729,     8.2940
# span 20 =     3.6726,     8.2835
# span 21 =      0.991,     87.159
# span 22 =      1.015,     89.093
# span 23 =    1429.21,    1466.28
# span 24 =    1429.21,    1466.29
# span 25 =     0.0170,     8.5541
# span 26 =     0.0795,     8.9948
# span 27 =      0.207,    118.457
# span 28 =      0.986,    122.811
# span 29 = 0.0000e+00, 0.0000e+00
# interval = decibars: 0.5
# start_time = Jun 13 2022 18:02:03 [NMEA time, first data scan]
# bad_flag = -9.990e-29
*END*
[from data line 146]
      20984     74.000     5.7321     5.7343    1.06840    1.06840          1     0.7834     0.5594      15.78      0.381     0.2523     1.5534  2.005e-04  0.3890000     9.8422     9.8416    -0.0006     0.0022     7.7446     7.7440     73.295     74.947    1443.15    1443.16     0.0857     0.1327     1.0430     1.6150  0.000e+00
      21015     74.500     5.7596     5.7620    1.07329    1.07327          1     0.7673     0.5509      15.22      0.374     0.2622     1.3775  1.938e-04  0.4505000     9.8827     9.8818    -0.0009     0.0024     7.7750     7.7741     73.791     75.452    1443.33    1443.34     0.1014     0.1386     1.2350     1.6880  0.000e+00
      21043     75.000     5.7973     5.8001    1.07893    1.07898          1     0.7583     0.5467      14.74      0.416     0.2626     1.4419  1.929e-04  0.5716000     9.9276     9.9272    -0.0004     0.0028     7.8082     7.8077     74.286     75.958    1443.55    1443.56     0.1112     0.1383     1.3560     1.6870  0.000e+00
      21070     75.500     5.8447     5.8463    1.08589    1.08581          1     0.7524     0.5437      14.17      0.440     0.2612     1.4703  2.154e-04  0.5569000     9.9826     9.9814    -0.0013     0.0016     7.8488     7.8477     74.781     76.463    1443.83    1443.84     0.1136     0.1325     1.3880     1.6190  0.000e+00
      21101     76.000     5.8716     5.8737    1.09009    1.09009          1     0.7475     0.5414      13.64      0.406     0.2751     1.4540  1.956e-04  0.7400000    10.0163    10.0156    -0.0007     0.0021     7.8737     7.8730     75.276     76.968    1444.00    1444.01     0.1116     0.1332     1.3640     1.6290  0.000e+00
      21135     76.500     5.8926     5.8952    1.09346    1.09346          1     0.7438     0.5395      13.15      0.350     0.2862     1.5182  1.911e-04  0.8403000    10.0433    10.0426    -0.0007     0.0026     7.8937     7.8930     75.771     77.474    1444.13    1444.14     0.1127     0.1276     1.3790     1.5620  0.000e+00
      21164     77.000     5.9216     5.9246    1.09851    1.09860          1     0.7417     0.5387      12.65      0.393     0.2812     1.4653  2.233e-04  0.9922000    10.0847    10.0847     0.0000     0.0030     7.9246     7.9244     76.266     77.979    1444.31    1444.33     0.1118     0.1275     1.3700     1.5620  0.000e+00
      21189     77.500     5.9461     5.9487    1.10190    1.10197          1     0.7403     0.5377      12.12      0.458     0.2983     1.4918  2.072e-04  1.1103000    10.1109    10.1109    -0.0001     0.0026     7.9438     7.9435     76.761     78.484    1444.46    1444.47     0.1093     0.1225     1.3400     1.5020  0.000e+00
      21216     78.000     5.9540     5.9566    1.10327    1.10332          1     0.7388     0.5367      11.58      0.457     0.3005     1.5895  1.927e-04  1.1236000    10.1220    10.1217    -0.0003     0.0025     7.9520     7.9516     77.257     78.989    1444.52    1444.53     0.1076     0.1207     1.3190     1.4800  0.000e+00
      21248     78.500     5.9592     5.9617    1.10410    1.10416          1     0.7375     0.5364      11.03      0.388     0.2847     1.5350  2.172e-04  1.1190000    10.1287    10.1284    -0.0003     0.0025     7.9569     7.9566     77.752     79.495    1444.55    1444.57     0.1053     0.1225     1.2910     1.5020  0.000e+00
      21280     79.000     5.9724     5.9750    1.10638    1.10643          1     0.7364     0.5356      10.53      0.372     0.2960     1.4944  2.161e-04  1.0489000    10.1472    10.1469    -0.0003     0.0026     7.9707     7.9703     78.247     80.000    1444.64    1444.65     0.1052     0.1168     1.2910     1.4340  0.000e+00
      21308     79.500     5.9823     5.9849    1.10819    1.10825          1     0.7358     0.5352      10.04      0.415     0.2975     1.5560  2.235e-04  1.0958000    10.1620    10.1618    -0.0002     0.0025     7.9818     7.9815     78.742     80.505    1444.71    1444.72     0.1042     0.1158     1.2790     1.4210  0.000e+00
      21335     80.000     5.9858     5.9883    1.10875    1.10881          1     0.7352     0.5344       9.48      0.442     0.2871     1.5389  2.002e-04  1.0931000    10.1664    10.1663    -0.0002     0.0025     7.9851     7.9848     79.237     81.010    1444.74    1444.75     0.1017     0.1123     1.2480     1.3780  0.000e+00
      21365     80.500     5.9922     5.9947    1.10971    1.10977          1     0.7344     0.5341       8.96      0.419     0.2866     1.5105  2.162e-04  1.0854000    10.1739    10.1738    -0.0002     0.0025     7.9906     7.9903     79.732     81.516    1444.78    1444.79     0.0995     0.1147     1.2210     1.4080  0.000e+00
      21401     81.000     5.9988     6.0007    1.11062    1.11060          1     0.7338     0.5338       8.47      0.345     0.2939     1.4995  2.183e-04  1.0553000    10.1809    10.1801    -0.0008     0.0020     7.9956     7.9949     80.227     82.021    1444.83    1444.84     0.0995     0.1113     1.2210     1.3670  0.000e+00
      21441     81.500     6.0069     6.0089    1.11176    1.11179          1     0.7329     0.5330       7.92      0.292     0.3060     1.5879  2.234e-04  0.9929000    10.1896    10.1893    -0.0003     0.0020     8.0020     8.0017     80.723     82.526    1444.88    1444.89     0.0969     0.1077     1.1900     1.3230  0.000e+00
      21475     82.000     6.0141     6.0168    1.11278    1.11287          1     0.7327     0.5327       7.37      0.345     0.2891     1.6525  2.236e-04  0.9615000    10.1975    10.1976     0.0000     0.0027     8.0078     8.0077     81.218     83.031    1444.93    1444.94     0.0974     0.1089     1.1960     1.3380  0.000e+00
      21508     82.500     6.0281     6.0303    1.11459    1.11462          1     0.7320     0.5324       6.82      0.369     0.2854     1.5019  2.236e-04  0.9179000    10.2111    10.2108    -0.0003     0.0022     8.0176     8.0172     81.713     83.536    1445.02    1445.02     0.0939     0.1069     1.1540     1.3140  0.000e+00
      21548     83.000     6.0473     6.0487    1.11658    1.11659          1     0.7316     0.5320       6.35      0.298     0.2868     1.5285  2.236e-04  0.8124000    10.2250    10.2245    -0.0004     0.0014     8.0273     8.0269     82.208     84.042    1445.12    1445.13     0.0937     0.1039     1.1530     1.2780  0.000e+00
      21585     83.500     6.0871     6.0896    1.12193    1.12206          1     0.7310     0.5316       5.77      0.322     0.3003     1.5538  2.236e-04  0.5376000    10.2657    10.2663     0.0006     0.0025     8.0569     8.0572     82.703     84.547    1445.35    1445.36     0.0898     0.1049     1.1060     1.2920  0.000e+00
      21619     84.000     6.1156     6.1178    1.12750    1.12757          1     0.7305     0.5315       5.24      0.353     0.3407     1.6340  2.236e-04  0.6455000    10.3120    10.3120     0.0000     0.0022     8.0916     8.0914     83.198     85.052    1445.54    1445.55     0.0916     0.1047     1.1300     1.2910  0.000e+00
      21654     84.500     6.1336     6.1362    1.13028    1.13039          1     0.7303     0.5315       4.74      0.343     0.2863     1.4660  2.236e-04  0.6010000    10.3339    10.3342     0.0003     0.0026     8.1076     8.1077     83.693     85.557    1445.65    1445.66     0.0898     0.1044     1.1080     1.2880  0.000e+00
      21694     85.000     6.1460     6.1476    1.13229    1.13228          1     0.7299     0.5314       4.16      0.309     0.2916     1.4685  2.236e-04  0.5837000    10.3498    10.3493    -0.0006     0.0016     8.1194     8.1189     84.188     86.062    1445.73    1445.74     0.0891     0.1031     1.1000     1.2730  0.000e+00
      21744     85.500     6.1667     6.1679    1.13584    1.13580          1     0.7294     0.5307       3.66      0.231     0.2903     1.5017  2.236e-04  0.5475000    10.3785    10.3778    -0.0007     0.0012     8.1406     8.1400     84.684     86.568    1445.86    1445.87     0.0875     0.0984     1.0800     1.2140  0.000e+00
      21791     86.000     6.1895     6.1927    1.13979    1.14012          1     0.7292     0.5303       3.14      0.261     0.2907     1.4967  2.236e-04  0.4965000    10.4104    10.4127     0.0024     0.0032     8.1642     8.1659     85.179     87.073    1446.01    1446.02     0.0871     0.0991     1.0760     1.2250  0.000e+00
      21868     86.500     6.2333     6.2521    1.14783    1.15049          1     0.7286     0.5303       2.57      0.174     0.3005     1.6080  2.236e-04  0.3961000    10.4762    10.4966     0.0204     0.0188     8.2131     8.2280     85.674     87.578    1446.28    1446.39     0.0869     0.0994     1.0750     1.2300  0.000e+00
      21928     87.000     6.3148     6.2964    1.16151    1.15838          1     0.7291     0.5303       2.14      0.240     0.2965     1.4250  2.236e-04  0.3524000    10.5858    10.5607    -0.0252    -0.0184     8.2940     8.2754     86.169     88.083    1446.78    1446.67     0.0967     0.1000     1.2000     1.2410  0.000e+00
      25350     88.000     6.3015     6.3040    1.15942    1.15942          1     0.7236     0.5262       1.15      0.069     0.2863     1.5618  3.948e-01  0.3478000    10.5713    10.5706    -0.0008     0.0025     8.2843     8.2835     87.159     89.093    1449.52    1449.53     0.0666     0.0795     0.8260     0.9860  0.000e+00
