file_explorer/tests/test_data/SBE09_1387_20220613_1800_77SE_11_0511.cnv
* Sea-Bird SBE 9 Data File:
* FileName = L:\2022\SBE09_1387_20220613_1800_77SE_11_0511.hex
* Software Version Seasave V 7.26.7.121
* Temperature SN = 5351
* Conductivity SN = 3941
* Number of Bytes Per Scan = 41
* Number of Voltage Words = 4
* Number of Scans Averaged by the Deck Unit = 1
* NMEA Latitude = 58 56.19 N
* NMEA Longitude = 019 09.31 E
* NMEA UTC (Time) = Jun 13 2022  18:02:03
* NMEA baud rate = 4800
** Station: HUVUDSKÄR
** Operator: MHan
** Ship: 77SE Svea
** Average sound velocity: 1440.86 m/s
** True-depth calculation Tue, 14 Jun 2022 13:39:11 +0000
** Cruise: 77SE-2022-11
** Latitud [GG MM.mm N]:
** Longitude [GG MM.mm E]:
** Pumps: PrimaryPump: 6060 # SecondaryPump: 6061
** EventIDs: EventID:  # ParentEventID:
** Additional Sampling:
** Metadata admin: MPROG: NATL # PROJ: EXT # ORDERER: HAV, SMHI # SLABO: SMHI # ALABO: SMHI # REFSK: HC-B-B8, HC-C-C2, OM7
** Metadata conditions: WADEP: 90 # WINDIR: 23 # WINSP: 8 # AIRTEMP: 13.8 # AIRPRES: 1009.5 # WEATH: 1 # CLOUD: 6 # WAVES: 3 # ICEOB: 0 # COMNT_VISIT: Test av nya CTD-systemet
** LIMS Job: 20227710-0511
# nquan = 30
# nvalues = 174
# units = specified
# name 0 = scan: Scan Count
# name 1 = prDM: Pressure, Digiquartz [db]
# name 2 = t090C: Temperature [ITS-90, deg C]
# name 3 = t190C: Temperature, 2 [ITS-90, deg C]
# name 4 = c0S/m: Conductivity [S/m]
# name 5 = c1S/m: Conductivity, 2 [S/m]
# name 6 = pumps: Pump Status
# name 7 = sbeox0V: Oxygen raw, SBE 43 [V]
# name 8 = sbeox1V: Oxygen raw, SBE 43, 2 [V]
# name 9 = altM: Altimeter [m]
# name 10 = dz/dtM: Descent Rate [m/s]
# name 11 = flECO-AFL: Chl-a Fluorescence, WET Labs ECO-AFL/FL [mg/m^3]
# name 12 = flECO-AFL1: Phycocyanin Fluorescence, WET Labs ECO-AFL/FL, 2 [mg/m^3]
# name 13 = par: PAR/Irradiance, Biospherical/Licor [µE/(cm^2*s)]
# name 14 = turbWETntu0: Turbidity, WET Labs ECO [NTU]
# name 15 = sal00: Salinity, Practical [PSU]
# name 16 = sal11: Salinity, Practical, 2 [PSU]
# name 17 = secS-priS: Salinity, Practical, Difference, 2 - 1 [PSU]
# name 18 = T2-T190C: Temperature Difference, 2 - 1 [ITS-90, deg C]
# name 19 = sigma-t00: Density [sigma-t, kg/m^3 ]
# name 20 = sigma-t11: Density, 2 [sigma-t, kg/m^3 ]
# name 21 = depSM: Depth [salt water, m], lat = 58.9365
# name 22 = depFM: Depth [true depth, m], lat = 58.9365
# name 23 = svCM: Sound Velocity [Chen-Millero, m/s]
# name 24 = svCM1: Sound Velocity, 2 [Chen-Millero, m/s]
# name 25 = sbeox0ML/L: Oxygen, SBE 43 [ml/l], WS = 2
# name 26 = sbeox1ML/L: Oxygen, SBE 43, 2 [ml/l], WS = 2
# name 27 = sbeox0PS: Oxygen, SBE 43 [% saturation], WS = 2
# name 28 = sbeox1PS: Oxygen, SBE 43, 2 [% saturation], WS = 2
# name 29 = flag: flag
# span 0 =      15917,      25350
# span 1 =      1.000,     88.000
# span 2 =     3.3892,    13.1910
# span 3 =     3.3910,    13.1936
# span 4 =   0.735290,   1.161511
# span 5 =   0.735895,   1.159422
# span 6 =          1,          1
# span 7 =     0.7236,     3.7932
# span 8 =     0.5262,     2.9603
# span 9 =       1.15,      92.34
# span 10 =     -0.299,      0.546
# span 11 =     0.1940,     7.5716
# span 12 =     1.3185,     3.6829
# span 13 = 1.3161e-04, 8.1574e+02
# span 14 =     0.0437,     1.1236
# span 15 =     5.5810,    10.5858
# span 16 =     5.5811,    10.5706
# span 17 =    -0.0252,     0.0204
# span 18 =    -0.0184,     0.1107
# span 19 =     3.6729,     8.2940
# span 20 =     3.6726,     8.2835
# span 21 =      0.991,     87.159
# span 22 =      1.015,     89.093
# span 23 =    1429.21,    1466.28
# span 24 =    1429.21,    1466.29
# span 25 =     0.0170,     8.5541
# span 26 =     0.0795,     8.9948
# span 27 =      0.207,    118.457
# span 28 =      0.986,    122.811
# span 29 = 0.0000e+00, 0.0000e+00
# interval = decibars: 0.5
# start_time = Jun 13 2022 18:02:03 [NMEA time, first data scan]
# bad_flag = -9.990e-29
*END*
[from data line 97]
      19586     49.500     3.4473     3.4499    0.77125    0.77127          1     3.0837     2.3959      41.68      0.442     0.1990     1.4126  1.821e-04  0.0567000     7.4293     7.4290    -0.0004     0.0026     5.9173     5.9170     49.032     50.157    1429.57    1429.58     7.9422     8.3589    89.7290    94.4440  0.000e+00
      19611     50.000     3.4459     3.4495    0.77195    0.77200          1     3.0720     2.3859      41.18      0.475     0.2109     1.4582  1.848e-04  0.0555000     7.4368     7.4366    -0.0003     0.0036     5.9233     5.9230     49.527     50.664    1429.58    1429.59     7.8742     8.2955    88.9630    93.7310  0.000e+00
      19635     50.500     3.4208     3.4247    0.77198    0.77204          1     3.0586     2.3752      40.62      0.487     0.2237     1.4553  1.790e-04  0.0514000     7.4428     7.4426    -0.0002     0.0039     5.9285     5.9282     50.022     51.170    1429.48    1429.49     7.8328     8.2621    88.4410    93.2980  0.000e+00
      19662     51.000     3.4024     3.4058    0.77273    0.77272          1     3.0462     2.3660      40.09      0.470     0.2315     1.5445  1.716e-04  0.0585000     7.4548     7.4539    -0.0009     0.0034     5.9383     5.9376     50.517     51.676    1429.42    1429.43     7.8298     8.2546    88.3720    93.1730  0.000e+00
      19690     51.500     3.4030     3.4061    0.77383    0.77386          1     3.0360     2.3586      39.53      0.434     0.2054     1.5503  1.948e-04  0.0537000     7.4659     7.4655    -0.0004     0.0030     5.9472     5.9468     51.012     52.182    1429.44    1429.45     7.8125     8.2253    88.1840    92.8510  0.000e+00
      19715     52.000     3.4062     3.4093    0.77507    0.77511          1     3.0266     2.3510      39.06      0.445     0.2087     1.5044  1.940e-04  0.0559000     7.4780     7.4777    -0.0003     0.0032     5.9568     5.9565     51.508     52.689    1429.48    1429.49     7.7732     8.1935    87.7550    92.5070  0.000e+00
      19738     52.500     3.4083     3.4115    0.77635    0.77640          1     3.0182     2.3454      38.53      0.500     0.2170     1.4163  2.133e-04  0.0664000     7.4907     7.4904    -0.0003     0.0032     5.9668     5.9665     52.003     53.195    1429.51    1429.53     7.7451     8.1689    87.4500    92.2430  0.000e+00
      19760     53.000     3.4137     3.4169    0.77808    0.77808          1     3.0099     2.3387      37.98      0.539     0.1940     1.6206  1.390e-04  0.0488000     7.5073     7.5066    -0.0007     0.0032     5.9800     5.9793     52.498     53.701    1429.57    1429.58     7.7148     8.1224    87.1300    91.7410  0.000e+00
      19785     53.500     3.4240     3.4261    0.78004    0.78000          1     3.0003     2.3305      37.43      0.513     0.2027     1.6056  1.707e-04  0.0479000     7.5251     7.5242    -0.0009     0.0022     5.9940     5.9932     52.993     54.207    1429.65    1429.65     7.6691     8.0746    86.6480    91.2330  0.000e+00
      19813     54.000     3.4568     3.4591    0.78304    0.78299          1     2.9877     2.3198      36.89      0.442     0.2251     1.5420  1.847e-04  0.0661000     7.5485     7.5474    -0.0011     0.0023     6.0121     6.0111     53.489     54.714    1429.83    1429.84     7.5800     7.9896    85.7280    90.3650  0.000e+00
      19839     54.500     3.4803     3.4834    0.78564    0.78570          1     2.9724     2.3071      36.40      0.446     0.2121     1.4796  1.786e-04  0.0525000     7.5699     7.5698    -0.0002     0.0031     6.0287     6.0286     53.984     55.220    1429.98    1429.99     7.4939     7.9072    84.8190    89.5040  0.000e+00
      19863     55.000     3.5152     3.5183    0.78844    0.78846          1     2.9570     2.2941      35.91      0.482     0.1969     1.5096  1.682e-04  0.0522000     7.5906     7.5901    -0.0005     0.0031     6.0446     6.0441     54.479     55.726    1430.17    1430.18     7.4188     7.8177    84.0570    88.5840  0.000e+00
      19888     55.500     3.5428     3.5452    0.79178    0.79177          1     2.9394     2.2782      35.39      0.487     0.2159     1.4871  1.805e-04  0.0575000     7.6187     7.6179    -0.0007     0.0024     6.0664     6.0658     54.974     56.232    1430.34    1430.35     7.3352     7.7380    83.1850    87.7590  0.000e+00
      19915     56.000     3.5873     3.5903    0.79611    0.79612          1     2.9195     2.2633      34.86      0.465     0.2173     1.4239  1.659e-04  0.0567000     7.6528     7.6522    -0.0006     0.0030     6.0927     6.0922     55.469     56.738    1430.59    1430.61     7.2475     7.6703    82.3050    87.1120  0.000e+00
      19943     56.500     3.6355     3.6370    0.79954    0.79942          1     2.8989     2.2476      34.28      0.434     0.1987     1.4901  1.763e-04  0.0502000     7.6768     7.6752    -0.0016     0.0014     6.1109     6.1096     55.964     57.245    1430.85    1430.86     7.1704     7.5845    81.5450    86.2570  0.000e+00
      19970     57.000     3.6748     3.6785    0.80298    0.80296          1     2.8780     2.2305      33.71      0.431     0.2032     1.4411  1.755e-04  0.0479000     7.7029     7.7018    -0.0011     0.0037     6.1309     6.1299     56.460     57.751    1431.07    1431.09     7.0817     7.4789    80.6320    85.1620  0.000e+00
      19999     57.500     3.6997     3.7018    0.80642    0.80634          1     2.8553     2.2118      33.16      0.431     0.2067     1.6569  1.621e-04  0.0479000     7.7324     7.7311    -0.0013     0.0021     6.1538     6.1527     56.955     58.257    1431.23    1431.24     6.9805     7.3754    79.5480    84.0510  0.000e+00
      20030     58.000     3.7549     3.7549    0.81133    0.81108          1     2.8256     2.1859      32.61      0.392     0.2148     1.4575  1.767e-04  0.0619000     7.7697     7.7671    -0.0026     0.0000     6.1823     6.1802     57.450     58.763    1431.54    1431.53     6.7701     7.1543    77.2800    81.6640  0.000e+00
      20062     58.500     3.8010     3.8035    0.81580    0.81575          1     2.7828     2.1476      32.10      0.374     0.2087     1.3185  1.644e-04  0.0660000     7.8045     7.8035    -0.0011     0.0025     6.2090     6.2081     57.945     59.269    1431.80    1431.81     6.5194     6.9015    74.5250    78.8970  0.000e+00
      20091     59.000     3.8522     3.8553    0.82154    0.82151          1     2.7399     2.1118      31.58      0.406     0.2080     1.4594  1.833e-04  0.0608000     7.8512     7.8501    -0.0010     0.0031     6.2449     6.2440     58.440     59.775    1432.10    1432.11     6.3664     6.7552    72.8950    77.3530  0.000e+00
      20119     59.500     3.9107     3.9124    0.82763    0.82749          1     2.6991     2.0780      31.05      0.431     0.2060     1.5296  1.851e-04  0.0687000     7.8996     7.8977    -0.0018     0.0017     6.2819     6.2804     58.936     60.281    1432.43    1432.44     6.1900     6.5680    71.0060    75.3450  0.000e+00
      20149     60.000     3.9450     3.9470    0.83224    0.83208          1     2.6482     2.0361      30.49      0.404     0.1984     1.5127  2.025e-04  0.0481000     7.9384     7.9363    -0.0021     0.0019     6.3119     6.3102     59.431     60.788    1432.64    1432.65     5.9789     6.3598    68.6630    73.0400  0.000e+00
      20182     60.500     3.9970     3.9973    0.83869    0.83843          1     2.5936     1.9923      29.97      0.368     0.2332     1.6110  2.168e-04  0.0479000     7.9918     7.9890    -0.0028     0.0003     6.3530     6.3508     59.926     61.294    1432.95    1432.95     5.7758     6.1410    66.4430    70.6440  0.000e+00
      20212     61.000     4.1086     4.1109    0.84854    0.84845          1     2.5391     1.9470      29.50      0.384     0.2569     1.4551  1.748e-04  0.0698000     8.0651     8.0637    -0.0014     0.0023     6.4082     6.4070     60.421     61.800    1433.56    1433.56     5.5248     5.8806    63.7710    67.8810  0.000e+00
      20241     61.500     4.1831     4.1856    0.85726    0.85718          1     2.4834     1.9008      28.94      0.418     0.2374     1.3628  1.926e-04  0.0815000     8.1358     8.1343    -0.0014     0.0025     6.4621     6.4609     60.916     62.306    1433.99    1434.00     5.2616     5.6056    60.8780    64.8620  0.000e+00
      20271     62.000     4.2517     4.2527    0.86511    0.86494          1     2.4124     1.8404      28.39      0.402     0.2248     1.4965  1.768e-04  0.0617000     8.1987     8.1967    -0.0021     0.0010     6.5100     6.5083     61.412     62.812    1434.38    1434.39     4.9105     5.2452    56.9400    60.8210  0.000e+00
      20305     62.500     4.3540     4.3541    0.87794    0.87767          1     2.3289     1.7705      27.86      0.365     0.2105     1.4718  1.842e-04  0.0536000     8.3036     8.3008    -0.0028     0.0001     6.5899     6.5877     61.907     63.318    1434.98    1434.98     4.5858     4.9051    53.3520    57.0660  0.000e+00
      20336     63.000     4.4347     4.4391    0.88800    0.88810          1     2.2423     1.6974      27.35      0.371     0.2108     1.4313  2.006e-04  0.0479000     8.3854     8.3853    -0.0001     0.0045     6.6521     6.6519     62.402     63.823    1435.45    1435.48     4.1539     4.4512    48.4540    51.9280  0.000e+00
      20364     63.500     4.4843     4.4869    0.89552    0.89550          1     2.1501     1.6175      26.83      0.418     0.2130     1.4585  1.811e-04  0.0488000     8.4490     8.4481    -0.0009     0.0026     6.7008     6.7000     62.897     64.329    1435.76    1435.77     3.6630     3.9681    42.7990    46.3680  0.000e+00
      20391     64.000     4.5966     4.6004    0.91000    0.91008          1     2.0455     1.5320      26.31      0.444     0.2316     1.5866  1.929e-04  0.0588000     8.5669     8.5668    -0.0001     0.0037     6.7902     6.7899     63.392     64.835    1436.42    1436.44     3.3423     3.6606    39.1960    42.9330  0.000e+00
      20423     64.500     4.6765     4.6745    0.92300    0.92251          1     1.9420     1.4515      25.75      0.394     0.2568     1.5851  2.014e-04  0.0540000     8.6777     8.6733    -0.0044    -0.0020     6.8750     6.8715     63.887     65.341    1436.92    1436.91     3.1040     3.3870    36.5020    39.8280  0.000e+00
      20452     65.000     4.7607     4.7645    0.93267    0.93276          1     1.8446     1.3731      25.27      0.389     0.2437     1.5317  1.593e-04  0.0540000     8.7533     8.7532    -0.0001     0.0038     6.9315     6.9313     64.383     65.847    1437.40    1437.42     2.7492     3.0106    32.4170    35.5020  0.000e+00
      20479     65.500     4.8063     4.8084    0.93916    0.93910          1     1.7599     1.3072      24.76      0.442     0.2270     1.4778  1.981e-04  0.0540000     8.8067     8.8055    -0.0011     0.0020     6.9719     6.9709     64.878     66.353    1437.68    1437.68     2.5730     2.8319    30.3850    33.4430  0.000e+00
      20507     66.000     4.8612     4.8640    0.94654    0.94658          1     1.6796     1.2468      24.17      0.437     0.2362     1.3883  1.961e-04  0.0590000     8.8665     8.8662    -0.0003     0.0028     7.0170     7.0166     65.373     66.858    1438.00    1438.01     2.3890     2.6284    28.2630    31.0970  0.000e+00
      20540     66.500     4.9009     4.9034    0.95234    0.95235          1     1.5989     1.1878      23.66      0.378     0.2361     1.5041  1.808e-04  0.0663000     8.9143     8.9137    -0.0006     0.0025     7.0532     7.0526     65.868     67.364    1438.24    1438.26     2.2889     2.5145    27.1140    29.7880  0.000e+00
      20570     67.000     4.9477     4.9517    0.95898    0.95917          1     1.5423     1.1487      23.15      0.377     0.2418     1.5939  2.083e-04  0.0662000     8.9686     8.9694     0.0008     0.0041     7.0941     7.0946     66.363     67.870    1438.53    1438.55     2.2360     2.4276    26.5290    28.8050  0.000e+00
      20597     67.500     5.0190     5.0230    0.96735    0.96759          1     1.4991     1.1174      22.65      0.430     0.2551     1.4764  1.744e-04  0.0783000     9.0335     9.0347     0.0013     0.0040     7.1423     7.1431     66.858     68.375    1438.93    1438.95     2.1017     2.2732    24.9910    27.0330  0.000e+00
      20626     68.000     5.0701     5.0727    0.97332    0.97330          1     1.4493     1.0779      22.07      0.433     0.2622     1.5134  1.832e-04  0.0834000     9.0795     9.0786    -0.0009     0.0026     7.1764     7.1755     67.354     68.881    1439.22    1439.23     1.8961     2.0516    22.5820    24.4360  0.000e+00
      20660     68.500     5.1333     5.1368    0.98357    0.98366          1     1.3851     1.0259      21.60      0.361     0.2557     1.4520  1.822e-04  0.0881000     9.1652     9.1651    -0.0000     0.0035     7.2412     7.2410     67.849     69.387    1439.61    1439.63     1.6084     1.7545    19.1970    20.9420  0.000e+00
      20690     69.000     5.1895     5.1919    0.99121    0.99125          1     1.3150     0.9664      21.03      0.375     0.2568     1.4875  1.714e-04  0.0846000     9.2263     9.2260    -0.0003     0.0025     7.2868     7.2865     68.344     69.892    1439.94    1439.95     1.2711     1.4110    15.1990    16.8730  0.000e+00
      20718     69.500     5.2611     5.2634    1.00111    1.00108          1     1.2449     0.9094      20.53      0.429     0.2689     1.5717  1.590e-04  0.0892000     9.3057     9.3047    -0.0010     0.0023     7.3461     7.3452     68.839     70.398    1440.36    1440.37     1.0599     1.2111    12.7030    14.5160  0.000e+00
      20748     70.000     5.3265     5.3282    1.01159    1.01153          1     1.1777     0.8583      19.99      0.413     0.2721     1.4450  1.782e-04  0.0916000     9.3923     9.3912    -0.0011     0.0016     7.4113     7.4104     69.334     70.903    1440.77    1440.77     0.9740     1.1137    11.7000    13.3790  0.000e+00
      20779     70.500     5.3653     5.3680    1.01669    1.01673          1     1.1236     0.8196      19.53      0.383     0.2921     1.5006  2.092e-04  0.1033000     9.4323     9.4319    -0.0004     0.0028     7.4409     7.4405     69.829     71.409    1440.99    1441.00     0.9045     1.0235    10.8790    12.3100  0.000e+00
      20808     71.000     5.3893     5.3919    1.01929    1.01935          1     1.0791     0.7860      18.92      0.407     0.2983     1.5993  1.833e-04  0.1052000     9.4515     9.4513    -0.0002     0.0026     7.4549     7.4546     70.325     71.914    1441.13    1441.14     0.7583     0.8545     9.1270    10.2850  0.000e+00
      20835     71.500     5.4242     5.4265    1.02336    1.02340          1     1.0314     0.7473      18.42      0.432     0.2919     1.6639  2.081e-04  0.1025000     9.4822     9.4819    -0.0003     0.0023     7.4773     7.4770     70.820     72.420    1441.33    1441.34     0.5524     0.6360     6.6550     7.6630  0.000e+00
      20865     72.000     5.4632     5.4651    1.02887    1.02880          1     0.9729     0.6985      17.87      0.412     0.2982     1.5487  1.887e-04  0.1189000     9.5261     9.5249    -0.0012     0.0019     7.5100     7.5089     71.315     72.925    1441.56    1441.57     0.2753     0.3550     3.3210     4.2820  0.000e+00
      20895     72.500     5.5446     5.5464    1.04105    1.04102          1     0.9041     0.6414      17.36      0.394     0.3067     1.5724  1.984e-04  0.1314000     9.6244     9.6236    -0.0008     0.0017     7.5832     7.5825     71.810     73.431    1442.04    1442.05     0.0444     0.1283     0.5370     1.5530  0.000e+00
      20923     73.000     5.6228     5.6241    1.05246    1.05238          1     0.8493     0.6002      16.85      0.424     0.3297     1.5151  1.987e-04  0.2634000     9.7155     9.7143    -0.0012     0.0013     7.6508     7.6498     72.305     73.936    1442.50    1442.51     0.0170     0.1014     0.2070     1.2300  0.000e+00
