file_explorer/tests/test_data/SBE09_1387_20220613_1800_77SE_11_0511.cnv
* Sea-Bird SBE 9 Data File:
* FileName = L:\2022\SBE09_1387_20220613_1800_77SE_11_0511.hex
* Software Version Seasave V 7.26.7.121
* Temperature SN = 5351
* Conductivity SN = 3941
* Number of Bytes Per Scan = 41
* Number of Voltage Words = 4
* Number of Scans Averaged by the Deck Unit = 1
* NMEA Latitude = 58 56.19 N
* NMEA Longitude = 019 09.31 E
* NMEA UTC (Time) = Jun 13 2022  18:02:03
* NMEA baud rate = 4800
** Station: HUVUDSKÄR
** Operator: MHan
** Ship: 77SE Svea
** Average sound velocity: 1440.86 m/s
** True-depth calculation Tue, 14 Jun 2022 13:39:11 +0000
** Cruise: 77SE-2022-11
** Latitud [GG MM.mm N]:
** Longitude [GG MM.mm E]:
** Pumps: PrimaryPump: 6060 # SecondaryPump: 6061
** EventIDs: EventID:  # ParentEventID:
** Additional Sampling:
** Metadata admin: MPROG: NATL # PROJ: EXT # ORDERER: HAV, SMHI # SLABO: SMHI # ALABO: SMHI # REFSK: HC-B-B8, HC-C-C2, OM7
** Metadata conditions: WADEP: 90 # WINDIR: 23 # WINSP: 8 # AIRTEMP: 13.8 # AIRPRES: 1009.5 # WEATH: 1 # CLOUD: 6 # WAVES: 3 # ICEOB: 0 # COMNT_VISIT: Test av nya CTD-systemet
** LIMS Job: 20227710-0511
# nquan = 30
# nvalues = 174
# units = specified
# name 0 = scan: Scan Count
# name 1 = prDM: Pressure, Digiquartz [db]
# name 2 = t090C: Temperature [ITS-90, deg C]
# name 3 = t190C: Temperature, 2 [ITS-90, deg C]
# name 4 = c0S/m: Conductivity [S/m]
# name 5 = c1S/m: Conductivity, 2 [S/m]
# name 6 = pumps: Pump Status
# name 7 = sbeox0V: Oxygen raw, SBE 43 [V]
# name 8 = sbeox1V: Oxygen raw, SBE 43, 2 [V]
# name 9 = altM: Altimeter [m]
# name 10 = dz/dtM: Descent Rate [m/s]
# name 11 = flECO-AFL: Chl-a Fluorescence, WET Labs ECO-AFL/FL [mg/m^3]
# name 12 = flECO-AFL1: Phycocyanin Fluorescence, WET Labs ECO-AFL/FL, 2 [mg/m^3]
# name 13 = par: PAR/Irradiance, Biospherical/Licor [µE/(cm^2*s)]
# name 14 = turbWETntu0: Turbidity, WET Labs ECO [NTU]
# name 15 = sal00: Salinity, Practical [PSU]
# name 16 = sal11: Salinity, Practical, 2 [PSU]
# name 17 = secS-priS: Salinity, Practical, Difference, 2 - 1 [PSU]
# name 18 = T2-T190C: Temperature Difference, 2 - 1 [ITS-90, deg C]
# name 19 = sigma-t00: Density [sigma-t, kg/m^3 ]
# name 20 = sigma-t11: Density, 2 [sigma-t, kg/m^3 ]
# name 21 = depSM: Depth [salt water, m], lat = 58.9365
# name 22 = depFM: Depth [true depth, m], lat = 58.9365
# name 23 = svCM: Sound Velocity [Chen-Millero, m/s]
# name 24 = svCM1: Sound Velocity, 2 [Chen-Millero, m/s]
# name 25 = sbeox0ML/L: Oxygen, SBE 43 [ml/l], WS = 2
# name 26 = sbeox1ML/L: Oxygen, SBE 43, 2 [ml/l], WS = 2
# name 27 = sbeox0PS: Oxygen, SBE 43 [% saturation], WS = 2
# name 28 = sbeox1PS: Oxygen, SBE 43, 2 [% saturation], WS = 2
# name 29 = flag: flag
# span 0 =      15917,      25350
# span 1 =      1.000,     88.000
# span 2 =     3.3892,    13.1910
# span 3 =     3.3910,    13.1936
# span 4 =   0.735290,   1.161511
# span 5 =   0.735895,   1.159422
# span 6 =          1,          1
# span 7 =     0.7236,     3.7932
# span 8 =     0.5262,     2.9603
# span 9 =       1.15,      92.34
# span 10 =     -0.299,      0.546
# span 11 =     0.1940,     7.5716
# span 12 =     1.3185,     3.6829
# span 13 = 1.3161e-04, 8.1574e+02
# span 14 =     0.0437,     1.1236
# span 15 =     5.5810,    10.5858
# span 16 =     5.5811,    10.5706
# span 17 =    -0.0252,     0.0204
# span 18 =    -0.0184,     0.1107
# span 19 =     3.6729,     8.2940
# span 20 =     3.6726,     8.2835
# span 21 =      0.991,     87.159
# span 22 =      1.015,     89.093
# span 23 =    1429.21,    1466.28
# span 24 =    1429.21,    1466.29
# span 25 =     0.0170,     8.5541
# span 26 =     0.0795,     8.9948
# span 27 =      0.207,    118.457
# span 28 =      0.986,    122.811
# span 29 = 0.0000e+00, 0.0000e+00
# interval = decibars: 0.5
# start_time = Jun 13 2022 18:02:03 [NMEA time, first data scan]
# bad_flag = -9.990e-29
*END*
[from data line 49]
      18363     25.500     5.0443     5.0474    0.77128    0.77135          1     3.3455     2.6083      67.31      0.518     0.5139     1.6803  4.698e-02  0.1029000     7.0800     7.0801     0.0001     0.0032     5.5957     5.5956     25.260     25.853    1435.89    1435.90     8.5047     8.9448    99.8850   105.0610  0.000e+00
      18389     26.000     5.0334     5.0356    0.77205    0.77209          1     3.3406     2.6036      66.57      0.483     0.4910     1.6233  3.301e-02  0.0999000     7.0899     7.0898    -0.0000     0.0022     5.6039     5.6038     25.755     26.359    1435.86    1435.87     8.4832     8.9213    99.6110   104.7610  0.000e+00
      18418     26.500     5.0231     5.0254    0.77269    0.77274          1     3.3333     2.5975      65.97      0.432     0.4832     1.6483  2.171e-02  0.0962000     7.0984     7.0984     0.0000     0.0023     5.6110     5.6110     26.251     26.866    1435.83    1435.84     8.4246     8.8699    98.9030   104.1370  0.000e+00
      18445     27.000     4.9424     4.9451    0.77140    0.77149          1     3.3227     2.5886      65.54      0.429     0.4857     1.5375  1.525e-02  0.0989000     7.1027     7.1031     0.0003     0.0026     5.6176     5.6177     26.746     27.372    1435.49    1435.50     8.3970     8.8427    98.3790   103.6090  0.000e+00
      18469     27.500     4.8833     4.8864    0.77119    0.77126          1     3.3133     2.5808      65.04      0.478     0.4765     1.5567  7.339e-03  0.1026000     7.1132     7.1133     0.0000     0.0030     5.6281     5.6280     27.241     27.879    1435.25    1435.27     8.3735     8.8143    97.9640   103.1290  0.000e+00
      18493     28.000     4.7606     4.7679    0.76929    0.76945          1     3.3035     2.5718      64.62      0.501     0.4558     1.6050  5.947e-04  0.1039000     7.1207     7.1207    -0.0000     0.0073     5.6384     5.6381     27.736     28.385    1434.73    1434.76     8.3715     8.8076    97.6390   102.7440  0.000e+00
      18520     28.500     4.6453     4.6511    0.76839    0.76846          1     3.2925     2.5626      63.98      0.470     0.4416     1.6672  1.933e-04  0.1109000     7.1365     7.1360    -0.0005     0.0058     5.6549     5.6543     28.232     28.891    1434.25    1434.27     8.3741     8.8025    97.3920   102.3900  0.000e+00
      18548     29.000     4.5264     4.5274    0.76665    0.76673          1     3.2843     2.5546      63.46      0.419     0.4001     1.6889  1.717e-04  0.0947000     7.1447     7.1453     0.0006     0.0011     5.6652     5.6657     28.727     29.398    1433.73    1433.74     8.4100     8.8299    97.5180   102.3900  0.000e+00
      18573     29.500     4.3865     4.3868    0.76437    0.76441          1     3.2784     2.5505      62.90      0.454     0.3739     1.5902  1.316e-04  0.0899000     7.1522     7.1525     0.0003     0.0003     5.6754     5.6757     29.222     29.904    1433.13    1433.13     8.4065     8.8455    97.1330   102.2070  0.000e+00
      18596     30.000     4.2315     4.2350    0.76125    0.76134          1     3.2701     2.5441      62.39      0.510     0.3858     1.4636  1.527e-04  0.0838000     7.1544     7.1545     0.0001     0.0035     5.6816     5.6816     29.718     30.411    1432.45    1432.46     8.4130     8.8446    96.8220   101.7990  0.000e+00
      18620     30.500     4.1694     4.1728    0.76070    0.76077          1     3.2648     2.5393      61.80      0.514     0.3535     1.5916  1.965e-04  0.0782000     7.1623     7.1623    -0.0000     0.0034     5.6896     5.6895     30.213     30.917    1432.19    1432.20     8.4610     8.8828    97.2250   102.0800  0.000e+00
      18646     31.000     4.1505     4.1538    0.76147    0.76153          1     3.2618     2.5392      61.31      0.479     0.3507     1.5365  1.491e-04  0.0728000     7.1741     7.1740    -0.0001     0.0033     5.6994     5.6993     30.708     31.423    1432.13    1432.14     8.4586     8.9230    97.1570   102.5010  0.000e+00
      18671     31.500     3.9984     4.0015    0.75860    0.75872          1     3.2581     2.5398      60.76      0.467     0.3398     1.4456  2.032e-04  0.0674000     7.1783     7.1789     0.0005     0.0031     5.7066     5.7069     31.203     31.930    1431.46    1431.47     8.4901     8.9580    97.1390   102.5010  0.000e+00
      18696     32.000     4.0049     4.0057    0.76041    0.76041          1     3.2565     2.5396      60.24      0.479     0.3538     1.4939  1.956e-04  0.0732000     7.1952     7.1951    -0.0001     0.0008     5.7199     5.7197     31.699     32.436    1431.51    1431.52     8.5003     8.9429    97.2840   102.3510  0.000e+00
      18720     32.500     4.1143     4.1169    0.76430    0.76433          1     3.2546     2.5373      59.76      0.491     0.3483     1.5404  1.635e-04  0.0738000     7.2105     7.2102    -0.0003     0.0026     5.7293     5.7290     32.194     32.943    1432.03    1432.05     8.4542     8.8828    97.0390   101.9660  0.000e+00
      18746     33.000     4.0989     4.1026    0.76500    0.76507          1     3.2520     2.5340      59.41      0.475     0.3268     1.5943  1.590e-04  0.0658000     7.2210     7.2209    -0.0001     0.0037     5.7380     5.7378     32.689     33.449    1431.99    1432.00     8.4454     8.8723    96.9080   101.8160  0.000e+00
      18771     33.500     4.0940     4.0967    0.76639    0.76641          1     3.2489     2.5310      58.83      0.477     0.3188     1.3849  1.575e-04  0.0650000     7.2361     7.2356    -0.0005     0.0027     5.7502     5.7497     33.184     33.955    1431.99    1432.00     8.4251     8.8499    96.6710   101.5530  0.000e+00
      18796     34.000     4.0244     4.0326    0.76535    0.76556          1     3.2451     2.5265      58.19      0.484     0.3177     1.3921  2.112e-04  0.0674000     7.2409     7.2412     0.0003     0.0082     5.7557     5.7557     33.680     34.462    1431.69    1431.73     8.4424     8.8554    96.7000   101.4520  0.000e+00
      18823     34.500     3.8808     3.8884    0.76247    0.76265          1     3.2424     2.5249      57.61      0.455     0.3111     1.5644  1.762e-04  0.0624000     7.2433     7.2434     0.0001     0.0075     5.7610     5.7609     34.175     34.968    1431.06    1431.09     8.4411     8.9018    96.3280   101.6050  0.000e+00
      18850     35.000     3.7757     3.7786    0.76093    0.76102          1     3.2345     2.5216      57.00      0.434     0.3188     1.6045  1.807e-04  0.0641000     7.2509     7.2511     0.0002     0.0029     5.7692     5.7694     34.670     35.474    1430.60    1430.61     8.4092     8.8736    95.7060   101.0000  0.000e+00
      18875     35.500     3.7591     3.7625    0.76204    0.76215          1     3.2281     2.5144      56.52      0.461     0.3067     1.4256  1.929e-04  0.0586000     7.2659     7.2663     0.0003     0.0034     5.7815     5.7817     35.165     35.981    1430.55    1430.57     8.4110     8.8303    95.6950   100.4750  0.000e+00
      18900     36.000     3.8556     3.8597    0.76499    0.76509          1     3.2225     2.5091      56.08      0.491     0.2914     1.5683  1.516e-04  0.0550000     7.2745     7.2746     0.0001     0.0041     5.7863     5.7863     35.661     36.487    1431.01    1431.02     8.3717     8.8215    95.4930   100.6340  0.000e+00
      18924     36.500     3.7005     3.7079    0.76180    0.76196          1     3.2175     2.5079      55.63      0.494     0.2894     1.5629  1.794e-04  0.0607000     7.2764     7.2763    -0.0001     0.0074     5.7910     5.7908     36.156     36.993    1430.31    1430.35     8.4082     8.8814    95.5250   100.9200  0.000e+00
      18949     37.000     3.6054     3.6073    0.76048    0.76052          1     3.2143     2.5068      54.96      0.492     0.2792     1.5829  1.698e-04  0.0773000     7.2840     7.2840    -0.0000     0.0019     5.7989     5.7989     36.651     37.500    1429.90    1429.91     8.4602     8.9146    95.8830   101.0380  0.000e+00
      18974     37.500     3.7376     3.7415    0.76473    0.76480          1     3.2151     2.5084      54.46      0.482     0.2572     1.6695  1.851e-04  0.0555000     7.2980     7.2978    -0.0002     0.0039     5.8075     5.8072     37.146     38.006    1430.52    1430.54     8.4664     8.9161    96.2930   101.4180  0.000e+00
      18999     38.000     3.7663     3.7700    0.76617    0.76625          1     3.2177     2.5121      53.90      0.470     0.2643     1.6477  1.575e-04  0.0594000     7.3062     7.3062    -0.0000     0.0038     5.8134     5.8133     37.641     38.512    1430.67    1430.69     8.4858     8.9399    96.5910   101.7690  0.000e+00
      19025     38.500     3.6877     3.6912    0.76473    0.76481          1     3.2214     2.5161      53.34      0.467     0.2463     1.4612  1.851e-04  0.0555000     7.3090     7.3091     0.0001     0.0034     5.8173     5.8172     38.137     39.019    1430.33    1430.35     8.5342     8.9788    96.9460   102.0050  0.000e+00
      19049     39.000     3.6998     3.7031    0.76541    0.76547          1     3.2263     2.5198      52.95      0.486     0.2429     1.3545  1.596e-04  0.0498000     7.3132     7.3131    -0.0001     0.0034     5.8204     5.8202     38.632     39.525    1430.40    1430.41     8.5536     8.9903    97.1990   102.1700  0.000e+00
      19071     39.500     3.7085     3.7118    0.76580    0.76587          1     3.2302     2.5230      52.34      0.521     0.2422     1.3926  1.644e-04  0.0479000     7.3152     7.3151    -0.0001     0.0032     5.8218     5.8216     39.127     40.031    1430.45    1430.46     8.5541     8.9948    97.2280   102.2460  0.000e+00
      19095     40.000     3.7233     3.7263    0.76651    0.76657          1     3.2336     2.5251      51.82      0.522     0.2509     1.4913  1.760e-04  0.0477000     7.3191     7.3190    -0.0001     0.0031     5.8246     5.8244     39.622     40.538    1430.53    1430.54     8.5367     8.9698    97.0700   102.0030  0.000e+00
      19124     40.500     3.7442     3.7465    0.76748    0.76751          1     3.2329     2.5225      51.28      0.444     0.2502     1.5999  1.976e-04  0.0506000     7.3243     7.3240    -0.0003     0.0024     5.8283     5.8280     40.118     41.044    1430.64    1430.65     8.4655     8.8980    96.3160   101.2430  0.000e+00
      19154     41.000     3.7245     3.7295    0.76744    0.76754          1     3.2267     2.5152      50.79      0.390     0.2431     1.4408  1.655e-04  0.0670000     7.3282     7.3281    -0.0001     0.0050     5.8318     5.8316     40.613     41.550    1430.56    1430.58     8.4110     8.8505    95.6500   100.6610  0.000e+00
      19178     41.500     3.7047     3.7078    0.76758    0.76765          1     3.2205     2.5100      50.27      0.457     0.2495     1.3732  1.496e-04  0.0710000     7.3341     7.3341    -0.0000     0.0031     5.8369     5.8368     41.108     42.057    1430.49    1430.50     8.4151     8.8673    95.6500   100.7990  0.000e+00
      19200     42.000     3.7054     3.7084    0.76816    0.76820          1     3.2181     2.5091      49.62      0.529     0.2399     1.4529  1.849e-04  0.0591000     7.3397     7.3395    -0.0003     0.0029     5.8413     5.8411     41.603     42.563    1430.50    1430.52     8.4330     8.8859    95.8590   101.0150  0.000e+00
      19225     42.500     3.6980     3.7043    0.76843    0.76854          1     3.2150     2.5070      49.06      0.507     0.2413     1.5202  1.622e-04  0.0555000     7.3441     7.3439    -0.0002     0.0063     5.8450     5.8446     42.099     43.069    1430.48    1430.51     8.4217     8.8671    95.7160   100.7950  0.000e+00
      19257     43.000     3.6670     3.6700    0.76817    0.76821          1     3.2122     2.5039      48.55      0.399     0.2382     1.7601  1.952e-04  0.0602000     7.3485     7.3481    -0.0004     0.0030     5.8490     5.8487     42.594     43.576    1430.36    1430.37     8.4305     8.8497    95.7410   100.5100  0.000e+00
      19284     43.500     3.7251     3.7277    0.77036    0.77040          1     3.2096     2.4995      48.09      0.400     0.2272     1.7691  1.520e-04  0.0561000     7.3577     7.3575    -0.0003     0.0027     5.8553     5.8550     43.089     44.082    1430.64    1430.65     8.3825     8.8077    95.3460   100.1890  0.000e+00
      19307     44.000     3.6540     3.6599    0.76887    0.76900          1     3.2043     2.4958      47.52      0.488     0.2181     1.6983  1.921e-04  0.0480000     7.3584     7.3584     0.0000     0.0059     5.8572     5.8571     43.584     44.588    1430.33    1430.35     8.3464     8.8034    94.7610    99.9650  0.000e+00
      19329     44.500     3.6019     3.6057    0.76785    0.76792          1     3.1978     2.4914      46.98      0.546     0.2170     1.6432  1.939e-04  0.0479000     7.3597     7.3596    -0.0001     0.0039     5.8592     5.8590     44.080     45.094    1430.10    1430.12     8.3150     8.7691    94.2760    99.4350  0.000e+00
      19353     45.000     3.6173     3.6185    0.76890    0.76888          1     3.1875     2.4823      46.42      0.528     0.2293     1.5339  1.501e-04  0.0534000     7.3669     7.3664    -0.0005     0.0012     5.8646     5.8643     44.575     45.601    1430.19    1430.19     8.2263     8.6681    93.3130    98.3270  0.000e+00
      19380     45.500     3.6171     3.6244    0.76978    0.76991          1     3.1726     2.4667      45.89      0.465     0.2110     1.6296  1.806e-04  0.0437000     7.3759     7.3756    -0.0003     0.0073     5.8718     5.8715     45.070     46.107    1430.21    1430.24     8.1499     8.5517    92.4520    97.0280  0.000e+00
      19407     46.000     3.5882     3.5928    0.76996    0.77003          1     3.1543     2.4484      45.36      0.437     0.2179     1.6411  1.863e-04  0.0525000     7.3843     7.3840    -0.0003     0.0045     5.8790     5.8787     45.565     46.613    1430.09    1430.11     8.0511     8.4789    91.2670    96.1280  0.000e+00
      19432     46.500     3.4759     3.4806    0.76749    0.76762          1     3.1362     2.4347      44.86      0.461     0.2182     1.5285  1.523e-04  0.0540000     7.3843     7.3846     0.0003     0.0047     5.8809     5.8811     46.060     47.120    1429.59    1429.61     8.0611     8.5324    91.1130    96.4510  0.000e+00
      19455     47.000     3.3892     3.3910    0.76588    0.76590          1     3.1271     2.4324      44.38      0.504     0.2186     1.6180  1.404e-04  0.0619000     7.3874     7.3872    -0.0002     0.0018     5.8848     5.8846     46.556     47.626    1429.21    1429.21     8.1885     8.6622    92.3460    97.6920  0.000e+00
      19478     47.500     3.4359     3.4382    0.76746    0.76747          1     3.1282     2.4368      43.81      0.521     0.2178     1.5275  1.855e-04  0.0661000     7.3929     7.3926    -0.0004     0.0022     5.8885     5.8882     47.051     48.132    1429.43    1429.44     8.2460     8.6822    93.1110    98.0420  0.000e+00
      19504     48.000     3.5352     3.5331    0.77076    0.77063          1     3.1275     2.4356      43.31      0.488     0.2178     1.5602  1.687e-04  0.0586000     7.4044     7.4034    -0.0009    -0.0020     5.8960     5.8952     47.546     48.638    1429.91    1429.90     8.1299     8.5407    92.0450    96.6910  0.000e+00
      19532     48.500     3.5212     3.5274    0.77115    0.77128          1     3.1139     2.4214      42.74      0.444     0.2241     1.4237  1.914e-04  0.0557000     7.4115     7.4114    -0.0001     0.0062     5.9019     5.9017     48.041     49.145    1429.86    1429.89     7.9548     8.3791    90.0350    94.8530  0.000e+00
