file_explorer/tests/test_data/SBE09_1387_20220613_1800_77SE_11_0511.cnv
* Sea-Bird SBE 9 Data File:
* FileName = L:\2022\SBE09_1387_20220613_1800_77SE_11_0511.hex
* Software Version Seasave V 7.26.7.121
* Temperature SN = 5351
* Conductivity SN = 3941
* Number of Bytes Per Scan = 41
* Number of Voltage Words = 4
* Number of Scans Averaged by the Deck Unit = 1
* NMEA Latitude = 58 56.19 N
* NMEA Longitude = 019 09.31 E
* NMEA UTC (Time) = Jun 13 2022  18:02:03
* NMEA baud rate = 4800
** Station: HUVUDSKÄR
** Operator: MHan
** Ship: 77SE Svea
** Average sound velocity: 1440.86 m/s
** True-depth calculation Tue, 14 Jun 2022 13:39:11 +0000
** Cruise: 77SE-2022-11
** Latitud [GG MM.mm N]:
** Longitude [GG MM.mm E]:
** Pumps: PrimaryPump: 6060 # SecondaryPump: 6061
** EventIDs: EventID:  # ParentEventID:
** Additional Sampling:
** Metadata admin: MPROG: NATL # PROJ: EXT # ORDERER: HAV, SMHI # SLABO: SMHI # ALABO: SMHI # REFSK: HC-B-B8, HC-C-C2, OM7
** Metadata conditions: WADEP: 90 # WINDIR: 23 # WINSP: 8 # AIRTEMP: 13.8 # AIRPRES: 1009.5 # WEATH: 1 # CLOUD: 6 # WAVES: 3 # ICEOB: 0 # COMNT_VISIT: Test av nya CTD-systemet
** LIMS Job: 20227710-0511
# nquan = 30
# nvalues = 174
# units = specified
# name 0 = scan: Scan Count
# name 1 = prDM: Pressure, Digiquartz [db]
# name 2 = t090C: Temperature [ITS-90, deg C]
# name 3 = t190C: Temperature, 2 [ITS-90, deg C]
# name 4 = c0S/m: Conductivity [S/m]
# name 5 = c1S/m: Conductivity, 2 [S/m]
# name 6 = pumps: Pump Status
# name 7 = sbeox0V: Oxygen raw, SBE 43 [V]
# name 8 = sbeox1V: Oxygen raw, SBE 43, 2 [V]
# name 9 = altM: Altimeter [m]
# name 10 = dz/dtM: Descent Rate [m/s]
# name 11 = flECO-AFL: Chl-a Fluorescence, WET Labs ECO-AFL/FL [mg/m^3]
# name 12 = flECO-AFL1: Phycocyanin Fluorescence, WET Labs ECO-AFL/FL, 2 [mg/m^3]
# name 13 = par: PAR/Irradiance, Biospherical/Licor [µE/(cm^2*s)]
# name 14 = turbWETntu0: Turbidity, WET Labs ECO [NTU]
# name 15 = sal00: Salinity, Practical [PSU]
# name 16 = sal11: Salinity, Practical, 2 [PSU]
# name 17 = secS-priS: Salinity, Practical, Difference, 2 - 1 [PSU]
# name 18 = T2-T190C: Temperature Difference, 2 - 1 [ITS-90, deg C]
# name 19 = sigma-t00: Density [sigma-t, kg/m^3 ]
# name 20 = sigma-t11: Density, 2 [sigma-t, kg/m^3 ]
# name 21 = depSM: Depth [salt water, m], lat = 58.9365
# name 22 = depFM: Depth [true depth, m], lat = 58.9365
# name 23 = svCM: Sound Velocity [Chen-Millero, m/s]
# name 24 = svCM1: Sound Velocity, 2 [Chen-Millero, m/s]
# name 25 = sbeox0ML/L: Oxygen, SBE 43 [ml/l], WS = 2
# name 26 = sbeox1ML/L: Oxygen, SBE 43, 2 [ml/l], WS = 2
# name 27 = sbeox0PS: Oxygen, SBE 43 [% saturation], WS = 2
# name 28 = sbeox1PS: Oxygen, SBE 43, 2 [% saturation], WS = 2
# name 29 = flag: flag
# span 0 =      15917,      25350
# span 1 =      1.000,     88.000
# span 2 =     3.3892,    13.1910
# span 3 =     3.3910,    13.1936
# span 4 =   0.735290,   1.161511
# span 5 =   0.735895,   1.159422
# span 6 =          1,          1
# span 7 =     0.7236,     3.7932
# span 8 =     0.5262,     2.9603
# span 9 =       1.15,      92.34
# span 10 =     -0.299,      0.546
# span 11 =     0.1940,     7.5716
# span 12 =     1.3185,     3.6829
# span 13 = 1.3161e-04, 8.1574e+02
# span 14 =     0.0437,     1.1236
# span 15 =     5.5810,    10.5858
# span 16 =     5.5811,    10.5706
# span 17 =    -0.0252,     0.0204
# span 18 =    -0.0184,     0.1107
# span 19 =     3.6729,     8.2940
# span 20 =     3.6726,     8.2835
# span 21 =      0.991,     87.159
# span 22 =      1.015,     89.093
# span 23 =    1429.21,    1466.28
# span 24 =    1429.21,    1466.29
# span 25 =     0.0170,     8.5541
# span 26 =     0.0795,     8.9948
# span 27 =      0.207,    118.457
# span 28 =      0.986,    122.811
# span 29 = 0.0000e+00, 0.0000e+00
# interval = decibars: 0.5
# start_time = Jun 13 2022 18:02:03 [NMEA time, first data scan]
# bad_flag = -9.990e-29
*END*
      15917      1.000    13.1774    13.1877    0.76435    0.76406          1     3.6591     2.8725      92.34     -0.299     1.4924     2.0910  8.157e+02  0.2982000     5.5861     5.5823    -0.0038     0.0104     3.6788     3.6743      0.991      1.015    1466.14    1466.17     7.8377     8.2378   110.4910   116.1550  0.000e+00
      16698      1.500    13.1868    13.1913    0.76404    0.76401          1     3.6606     2.8726      92.24      0.260     1.2529     2.0318  1.837e+02  0.3508000     5.5823     5.5814    -0.0009     0.0045     3.6744     3.6731      1.486      1.522    1466.18    1466.19     7.8353     8.2410   110.4770   116.2090  0.000e+00
      17149      2.000    13.1891    13.1929    0.76402    0.76404          1     3.6625     2.8726      91.78      0.431     1.1465     2.1317  1.180e+02  0.3108000     5.5818     5.5813    -0.0005     0.0038     3.6737     3.6729      1.981      2.030    1466.19    1466.21     7.8428     8.2389   110.5880   116.1830  0.000e+00
      17181      2.500    13.1903    13.1923    0.76399    0.76404          1     3.6635     2.8731      91.25      0.461     1.1460     1.9117  1.025e+02  0.3109000     5.5813     5.5814     0.0001     0.0020     3.6732     3.6730      2.477      2.537    1466.20    1466.21     7.8448     8.2579   110.6190   116.4500  0.000e+00
      17211      3.000    13.1888    13.1912    0.76399    0.76407          1     3.6635     2.8754      90.70      0.395     1.1590     2.1561  7.082e+01  0.3712000     5.5815     5.5817     0.0002     0.0023     3.6736     3.6734      2.972      3.044    1466.21    1466.22     7.8376     8.2618   110.5140   116.5010  0.000e+00
      17241      3.500    13.1890    13.1916    0.76402    0.76407          1     3.6630     2.8757      90.40      0.408     1.2097     2.0302  6.908e+01  0.3676000     5.5816     5.5816     0.0000     0.0026     3.6736     3.6733      3.467      3.552    1466.22    1466.23     7.8407     8.2592   110.5590   116.4660  0.000e+00
      17270      4.000    13.1893    13.1920    0.76400    0.76407          1     3.6635     2.8752      89.62      0.396     1.2374     1.8605  5.460e+01  0.3145000     5.5814     5.5816     0.0001     0.0027     3.6735     3.6732      3.963      4.059    1466.23    1466.23     7.8470     8.2474   110.6490   116.3010  0.000e+00
      17294      4.500    13.1897    13.1922    0.76401    0.76407          1     3.6642     2.8729      89.23      0.454     1.2549     2.0377  4.381e+01  0.3106000     5.5814     5.5814     0.0001     0.0025     3.6733     3.6731      4.458      4.567    1466.23    1466.24     7.8453     8.2396   110.6260   116.1910  0.000e+00
      17318      5.000    13.1903    13.1927    0.76400    0.76406          1     3.6636     2.8719      88.66      0.517     1.2349     2.1003  3.564e+01  0.3277000     5.5812     5.5813     0.0001     0.0024     3.6731     3.6729      4.953      5.074    1466.25    1466.25     7.8382     8.2458   110.5260   116.2800  0.000e+00
      17347      5.500    13.1905    13.1933    0.76400    0.76406          1     3.6628     2.8724      88.11      0.442     1.2333     2.0856  3.087e+01  0.3128000     5.5811     5.5811     0.0001     0.0028     3.6730     3.6727      5.449      5.581    1466.25    1466.26     7.8408     8.2472   110.5630   116.3010  0.000e+00
      17379      6.000    13.1909    13.1936    0.76400    0.76406          1     3.6631     2.8717      87.55      0.366     1.2366     2.0811  2.582e+01  0.3204000     5.5810     5.5811     0.0001     0.0027     3.6729     3.6726      5.944      6.089    1466.26    1466.27     7.8374     8.2370   110.5170   116.1580  0.000e+00
      17404      6.500    13.1910    13.1935    0.76401    0.76408          1     3.6602     2.8678      87.17      0.434     1.2558     2.0381  2.176e+01  0.3349000     5.5811     5.5812     0.0001     0.0025     3.6729     3.6727      6.439      6.596    1466.27    1466.28     7.7927     8.1904   109.8860   115.5010  0.000e+00
      17428      7.000    13.1908    13.1936    0.76402    0.76409          1     3.6486     2.8559      86.91      0.498     1.2809     1.9218  1.825e+01  0.3349000     5.5811     5.5812     0.0001     0.0027     3.6730     3.6727      6.934      7.104    1466.28    1466.29     7.7016     8.0760   108.6010   113.8880  0.000e+00
      17454      7.500    13.1812    13.1857    0.76457    0.76454          1     3.6377     2.8336      86.02      0.478     1.3154     1.9969  1.511e+01  0.3056000     5.5868     5.5859    -0.0009     0.0045     3.6787     3.6774      7.430      7.611    1466.26    1466.27     7.9167     8.1466   111.6140   114.8670  0.000e+00
      17482      8.000    13.0271    13.0400    0.77119    0.77101          1     3.6976     2.8746      85.41      0.437     1.3654     2.1385  1.329e+01  0.3467000     5.6616     5.6582    -0.0034     0.0129     3.7581     3.7537      7.925      8.118    1465.80    1465.84     8.3466     8.5729   117.3300   120.5420  0.000e+00
      17510      8.500    12.2643    12.3056    0.79801    0.79697          1     3.7621     2.9321      85.01      0.423     2.0716     2.4016  1.124e+01  0.3788000     5.9947     5.9796    -0.0150     0.0414     4.1182     4.1012      8.420      8.626    1463.40    1463.54     8.5531     8.8604   118.4570   122.8110  0.000e+00
      17536      9.000    11.6202    11.6311    0.83869    0.83701          1     3.7914     2.9589      84.46      0.448     4.7873     2.6521  9.438e+00  0.3720000     6.4304     6.4147    -0.0157     0.0109     4.5390     4.5255      8.916      9.133    1461.55    1461.57     8.5458     8.9174   116.9830   122.0880  0.000e+00
      17559      9.500    11.4972    11.5020    0.84820    0.84830          1     3.7932     2.9603      84.09      0.494     5.0916     3.1872  8.118e+00  0.3610000     6.5304     6.5304    -0.0000     0.0048     4.6317     4.6311      9.411      9.640    1461.21    1461.23     8.4005     8.7903   114.7480   120.0850  0.000e+00
      17583     10.000    11.4388    11.4399    0.84967    0.84969          1     3.7715     2.9366      83.48      0.510     5.3279     3.3553  7.035e+00  0.3684000     6.5528     6.5527    -0.0000     0.0011     4.6563     4.6561      9.906     10.147    1461.03    1461.03     8.2483     8.6133   112.5340   117.5170  0.000e+00
      17611     10.500    11.3736    11.3746    0.85016    0.85010          1     3.7451     2.9087      83.01      0.458     5.5132     3.0772  6.001e+00  0.3670000     6.5683     6.5676    -0.0007     0.0010     4.6762     4.6756     10.402     10.654    1460.81    1460.81     8.2215     8.5919   112.0150   117.0620  0.000e+00
      17638     11.000    11.1368    11.1404    0.84645    0.84651          1     3.7263     2.8978      82.45      0.440     5.8969     3.1370  5.138e+00  0.3783000     6.5793     6.5791    -0.0001     0.0036     4.7134     4.7129     10.897     11.160    1459.94    1459.95     8.2314     8.6472   111.5560   117.2010  0.000e+00
      17663     11.500    10.7104    10.7166    0.83481    0.83493          1     3.7073     2.8856      81.97      0.466     6.4344     3.3423  4.414e+00  0.3875000     6.5575     6.5573    -0.0002     0.0062     4.7463     4.7455     11.392     11.667    1458.29    1458.32     8.2302     8.6472   110.4450   116.0560  0.000e+00
      17687     12.000    10.6097    10.6107    0.83633    0.83633          1     3.6806     2.8638      81.46      0.486     6.4035     3.3720  3.813e+00  0.3866000     6.5883     6.5881    -0.0002     0.0010     4.7818     4.7815     11.888     12.174    1457.95    1457.96     8.0575     8.4799   107.8980   113.5560  0.000e+00
      17712     12.500    10.4825    10.4899    0.83371    0.83388          1     3.6331     2.8200      80.78      0.492     6.2440     3.3116  3.242e+00  0.3811000     6.5889     6.5890     0.0001     0.0074     4.7964     4.7957     12.383     12.681    1457.47    1457.50     7.8642     8.2189   105.0030   109.7580  0.000e+00
      17736     13.000    10.3042    10.3119    0.83031    0.83043          1     3.5896     2.7700      80.42      0.486     6.5393     3.5273  2.718e+00  0.3776000     6.5921     6.5917    -0.0004     0.0077     4.8186     4.8175     12.878     13.188    1456.79    1456.82     7.9124     8.1596   105.2140   108.5210  0.000e+00
      17762     13.500    10.1435    10.1517    0.82752    0.82773          1     3.5719     2.7478      79.84      0.481     7.1699     3.5966  2.312e+00  0.3792000     6.5971     6.5975     0.0004     0.0082     4.8399     4.8393     13.373     13.695    1456.19    1456.22     8.0446     8.3080   106.5780   110.0890  0.000e+00
      17787     14.000     9.2979     9.3086    0.80208    0.80238          1     3.5609     2.7478      79.39      0.467     7.5716     3.6829  1.999e+00  0.3809000     6.5303     6.5309     0.0006     0.0107     4.8730     4.8725     13.869     14.201    1452.79    1452.83     8.0824     8.5195   104.9450   110.6420  0.000e+00
      17814     14.500     8.4088     8.4264    0.77797    0.77837          1     3.5215     2.7318      78.73      0.460     6.7902     3.6485  1.699e+00  0.3618000     6.4797     6.4800     0.0003     0.0176     4.9145     4.9132     14.364     14.708    1449.17    1449.24     7.8930     8.4356   100.3180   107.2590  0.000e+00
      17838     15.000     8.2124     8.2120    0.77609    0.77589          1     3.4560     2.6815      78.18      0.472     5.5398     3.3137  1.426e+00  0.3090000     6.4990     6.4972    -0.0017    -0.0004     4.9460     4.9446     14.859     15.215    1448.40    1448.40     7.6075     8.0236    96.2430   101.5050  0.000e+00
      17861     15.500     8.5086     8.5001    0.79248    0.79199          1     3.4033     2.6184      77.63      0.505     4.2425     3.1095  1.182e+00  0.2631000     6.5908     6.5879    -0.0028    -0.0085     4.9929     4.9914     15.355     15.722    1449.73    1449.69     7.6891     7.8604    98.0280   100.1880  0.000e+00
      17884     16.000     8.5528     8.5629    0.79650    0.79676          1     3.3938     2.5991      77.16      0.530     3.6728     2.7104  9.902e-01  0.2469000     6.6184     6.6189     0.0005     0.0101     5.0108     5.0103     15.850     16.229    1449.95    1449.99     7.9012     8.1216   100.8540   103.6920  0.000e+00
      17911     16.500     7.6052     7.7159    0.77144    0.77408          1     3.3909     2.6128      76.64      0.481     3.2592     2.7709  8.361e-01  0.2306000     6.5690     6.5724     0.0034     0.1107     5.0455     5.0401     16.345     16.735    1446.00    1446.46     8.0723     8.5152   100.6690   106.4700  0.000e+00
      17940     17.000     6.1062     6.1294    0.73529    0.73589          1     3.3796     2.6274      76.31      0.417     2.7866     2.3934  7.156e-01  0.2150000     6.5180     6.5193     0.0013     0.0232     5.1030     5.1028     16.840     17.242    1439.65    1439.75     8.3334     8.8837   100.1500   106.8260  0.000e+00
      17964     17.500     6.2407     6.2252    0.74632    0.74571          1     3.3705     2.6294      75.50      0.449     2.0712     2.1729  6.036e-01  0.1898000     6.5965     6.5937    -0.0028    -0.0154     5.1574     5.1561     17.336     17.749    1440.33    1440.26     8.2616     8.7775    99.6680   105.8500  0.000e+00
      17986     18.000     6.6561     6.6525    0.76542    0.76509          1     3.3604     2.6240      75.08      0.525     1.7310     1.7840  5.112e-01  0.1760000     6.6958     6.6934    -0.0024    -0.0036     5.2114     5.2098     17.831     18.255    1442.23    1442.21     8.1413     8.6061    99.2970   104.9530  0.000e+00
      18011     18.500     7.0398     7.0270    0.78412    0.78322          1     3.3533     2.6173      74.46      0.520     1.7486     2.0237  4.327e-01  0.1729000     6.7955     6.7896    -0.0059    -0.0127     5.2654     5.2616     18.326     18.762    1443.98    1443.92     8.0979     8.5151    99.7690   104.8720  0.000e+00
      18041     19.000     7.3268     7.3253    0.79950    0.79936          1     3.3524     2.6161      73.98      0.413     1.8885     2.1471  3.750e-01  0.1697000     6.8815     6.8806    -0.0009    -0.0016     5.3134     5.3128     18.822     19.268    1445.30    1445.29     8.0483     8.4684    99.9120   105.1230  0.000e+00
      18068     19.500     7.1421     7.1466    0.79726    0.79733          1     3.3491     2.6135      73.44      0.412     1.7989     2.1536  3.255e-01  0.1638000     6.8974     6.8972    -0.0002     0.0045     5.3387     5.3382     19.317     19.775    1444.55    1444.57     8.0366     8.4444    99.3290   104.3820  0.000e+00
      18090     20.000     7.0055     7.0084    0.79692    0.79700          1     3.3424     2.6046      72.98      0.498     1.7742     2.1034  2.780e-01  0.1658000     6.9216     6.9217     0.0001     0.0028     5.3669     5.3668     19.812     20.282    1444.02    1444.03     8.0482     8.4189    99.1560   103.7320  0.000e+00
      18113     20.500     6.8627     6.8664    0.79489    0.79499          1     3.3407     2.5993      72.46      0.534     1.7653     2.0267  2.324e-01  0.1673000     6.9312     6.9314     0.0002     0.0037     5.3838     5.3838     20.307     20.788    1443.44    1443.45     8.1452     8.5053   100.0070   104.4380  0.000e+00
      18141     21.000     6.6058     6.6098    0.79092    0.79100          1     3.3463     2.6036      71.80      0.468     1.5173     1.9538  2.018e-01  0.1549000     6.9458     6.9456    -0.0001     0.0040     5.4113     5.4110     20.803     21.295    1442.38    1442.40     8.2539     8.6331   100.7110   105.3490  0.000e+00
      18169     21.500     6.1349     6.1305    0.78020    0.78008          1     3.3523     2.6105      71.40      0.418     1.2416     1.9867  1.786e-01  0.1426000     6.9398     6.9396    -0.0002    -0.0044     5.4339     5.4339     21.298     21.801    1440.38    1440.36     8.3713     8.7866   100.9560   105.9530  0.000e+00
      18193     22.000     5.9129     5.9157    0.77738    0.77749          1     3.3565     2.6156      70.84      0.464     0.9426     1.8843  1.550e-01  0.1322000     6.9583     6.9587     0.0005     0.0028     5.4602     5.4604     21.793     22.308    1439.46    1439.47     8.4370     8.8500   101.2000   106.1600  0.000e+00
      18215     22.500     5.7305     5.7319    0.77536    0.77543          1     3.3600     2.6194      70.43      0.522     0.8016     1.6818  1.378e-01  0.1212000     6.9763     6.9768     0.0005     0.0013     5.4835     5.4838     22.289     22.814    1438.70    1438.70     8.4577     8.8774   100.9980   106.0140  0.000e+00
      18239     23.000     5.6110     5.6127    0.77595    0.77605          1     3.3593     2.6182      69.86      0.521     0.7159     1.5610  1.147e-01  0.1261000     7.0069     7.0074     0.0005     0.0017     5.5134     5.5137     22.784     23.321    1438.23    1438.24     8.4444     8.8618   100.5570   105.5330  0.000e+00
      18266     23.500     5.4614     5.4743    0.77553    0.77590          1     3.3562     2.6142      69.24      0.473     0.6625     1.5390  9.832e-02  0.1166000     7.0339     7.0348     0.0009     0.0130     5.5417     5.5418     23.279     23.827    1437.62    1437.68     8.4507     8.8592   100.2720   105.1540  0.000e+00
      18292     24.000     5.3652     5.3685    0.77672    0.77679          1     3.3520     2.6096      68.69      0.452     0.6126     1.5652  8.771e-02  0.1044000     7.0657     7.0657    -0.0000     0.0033     5.5711     5.5709     23.774     24.334    1437.25    1437.26     8.4694     8.8799   100.2710   105.1400  0.000e+00
      18317     24.500     5.2339     5.2371    0.77454    0.77462          1     3.3508     2.6090      68.15      0.470     0.5783     1.5904  7.409e-02  0.1024000     7.0720     7.0722     0.0001     0.0032     5.5817     5.5817     24.270     24.840    1436.69    1436.71     8.5132     8.9514   100.4600   105.6400  0.000e+00
